"Codigo";"Civil";"Sexo";"Altura";"Salario";"Idade";"Din_caixa";"Agua_dia"
"1";1;"Separado";"M";1,72997638979451;985,671742148011;68;781440,288541384;1,49266963174038
"2";2;"Solteiro";"F";1,7428705344614;1577,40531231573;33;876006,188635883;1,48979978136771
"3";3;"Desquitado";"M";1,69713197691026;1632,47134754561;59;32074,699134436;1,31890022528473
"4";4;"Casado";"F";1,48854795389667;1627,25936938692;45;171237,406946079;1,68125788165952
"5";5;"Casado";"F";1,57070851583397;2742,49053173023;29;141828,586725487;1,44138480956438
"6";6;"Casado";"F";1,59002207040107;2389,60296247955;20;624130,186310628;1,46855381557246
"7";7;"Casado";"F";1,58515306807934;2879,46047088124;37;102353,229525499;1,66492624198406
"8";8;"Solteiro";"F";1,55761190169391;358,43395975304;68;217559,418418778;1,71563016210308
"9";9;"Desquitado";"F";1,67710973438389;3030,71671838078;39;556147,427963133;1,39980163017077
"10";10;"Solteiro";"M";1,81824620444198;1767,47151445715;41;937414,056715494;1,60657759887383
"11";11;"Solteiro";"M";1,67086359068843;1906,46831062435;34;551935,794829151;1,26209585096084
"12";12;"Separado";"M";1,63822960733417;1896,08584409727;27;416309,058181453;1,60022518291077
"13";13;"Separado";"M";1,53546703750273;1789,03492831454;67;791306,542537717;1,4148447089749
"14";14;"Casado";"M";1,59462951244596;1249,64876041798;69;780616,403332338;1,44519430550233
"15";15;"Separado";"F";1,73225050838551;2338,7234545931;22;29813,6176701954;1,65947544611046
"16";16;"Solteiro";"M";1,6429143874829;1720,00104980684;34;100319,409407448;1,57778274886124
"17";17;"Solteiro";"F";1,60889753672479;1622,73684738835;59;194939,978824547;1,60216879289788
"18";18;"Casado";"M";1,62594388240709;1407,44065021783;19;68425,3455650965;1,6000714911068
"19";19;"Separado";"F";1,82012018161763;1151,33943230187;27;723463,42611508;1,62205333222559
"20";20;"Desquitado";"M";1,64988428079512;1648,27311427188;68;694568,304013276;1,41658921456781
"21";21;"Solteiro";"F";1,6126510179358;2980,20293672934;42;967317,77635653;1,59633538839778
"22";22;"Separado";"M";1,78658868773351;1702,61524332635;66;201925,828821196;1,84330534748172
"23";23;"Separado";"F";1,76559919747327;2102,86372596954;50;613174,345309945;1,45673399774459
"24";24;"Separado";"M";1,74140434186819;2449,24313322564;23;745292,05922732;1,45925433582416
"25";25;"Casado";"M";1,69454527318302;2060,44916382488;60;141939,329315722;1,22012452716598
"26";26;"Desquitado";"M";1,77869624871479;3153,98864807455;28;963583,445922652;1,6969327151475
"27";27;"Desquitado";"F";1,67605374443178;1063,22438096434;52;297452,531093958;1,32223848313751
"28";28;"Solteiro";"F";1,54024058117009;1353,75773286606;41;210697,507638742;1,44853411517134
"29";29;"Desquitado";"M";1,60116698110766;2502,76360679478;62;939460,937292105;1,66098883501564
"30";30;"Solteiro";"F";1,54348495443518;1645,54348893586;23;740234,50637252;1,85648979870624
"31";31;"Solteiro";"F";1,54282199437714;3425,68517678685;27;777532,618760206;1,33811073404763
"32";32;"Solteiro";"M";1,5854423259853;1390,77583377148;39;629472,568426673;1,4498289867003
"33";33;"Desquitado";"F";1,50357108030788;3159,53621405803;24;359541,299949077;1,54407437039333
"34";34;"Solteiro";"M";1,51295514808295;2245,4585505557;51;949533,215024448;1,37190416529061
"35";35;"Desquitado";"F";1,66657382632891;1512,23867367373;28;614845,560353518;1,62562542327792
"36";36;"Solteiro";"F";1,68028630342475;1885,59444065355;60;776173,187123239;1,40535004925467
"37";37;"Desquitado";"F";1,49266457664857;1735,42473346919;19;224158,663763071;1,66179458114947
"38";38;"Desquitado";"M";1,61297879539551;1948,62907604612;58;282996,64278698;1,70924072392203
"39";39;"Desquitado";"F";1,88819882861631;2154,16779580035;22;390845,374682644;1,19955898253148
"40";40;"Desquitado";"M";1,59439469864528;1865,49095136833;38;732592,992112075;1,69851882485615
"41";41;"Desquitado";"M";1,748873388204;2105,06974970261;64;328269,302789249;1,49629324046634
"42";42;"Solteiro";"M";1,74507089708512;1391,62687103785;48;20415,4268392052;1,41839814562583
"43";43;"Separado";"M";1,8637987048419;2701,56308795384;36;654522,897607962;1,40958895054004
"44";44;"Desquitado";"M";1,71247699223136;1910,56881604106;63;675780,569007722;1,53111490174467
"45";45;"Separado";"M";1,64976262550046;1687,92816961466;21;61622,2606531447;1,65481378996026
"46";46;"Solteiro";"M";1,6946371241342;2415,59446777347;61;568716,972752767;1,46367720707187
"47";47;"Desquitado";"F";1,73057159393733;1384,61318828637;28;951755,240542761;1,27861580845737
"48";48;"Separado";"F";1,45240044581418;1820,20892723678;44;367160,066187526;1,18337317120914
"49";49;"Desquitado";"M";1,58437255942526;2529,21491636187;32;23535,6527523878;1,3692507827699
"50";50;"Separado";"F";1,53491013757313;1785,66180023212;40;299272,207441753;1,48547922119565
"51";51;"Solteiro";"M";1,70046289540994;2103,30424741817;30;883491,832097984;1,69154300957286
"52";52;"Separado";"F";1,84710371803992;2239,40867477665;20;312014,968890569;1,61389843497976
"53";53;"Desquitado";"M";1,65992848772443;1443,35651281498;24;795765,877954946;1,54576668900392
"54";54;"Casado";"F";1,67114382231815;2828,45585285225;44;841526,888756586;1,44769305209993
"55";55;"Desquitado";"M";1,68093597494854;1204,56085462539;69;64158,8683293513;1,74542049289809
"56";56;"Solteiro";"M";1,47150037752326;1765,62839307272;69;328172,983249628;1,40766756312476
"57";57;"Separado";"M";1,61098871788057;2361,78832294243;36;186681,208078283;1,28806475441567
"58";58;"Desquitado";"F";1,54115894095855;2131,24500858291;62;92505,5295366815;1,75679939979746
"59";59;"Separado";"F";1,56108541239527;2257,43196560014;54;969149,365103683;1,44876246495878
"60";60;"Desquitado";"F";1,72200706736014;2300,36653262684;33;450543,506619836;1,23188607857227
"61";61;"Desquitado";"M";1,83629538796607;2897,7330786556;46;772350,563739964;1,41480048539154
"62";62;"Solteiro";"F";1,79517690656432;2686,07916386329;64;318223,877304871;1,4836321761854
"63";63;"Casado";"M";1,79238823962557;1250,05738506991;69;900597,498616705;1,21505475129102
"64";64;"Separado";"F";1,612375035419;1867,64773506727;59;718623,924544274;1,47168110548916
"65";65;"Separado";"M";1,63967007733525;2101,04812465675;20;934730,62129194;1,49746231763341
"66";66;"Casado";"M";1,64014613661286;2727,5381222566;45;318424,43696449;1,31683829179664
"67";67;"Desquitado";"F";1,48798178276687;2735,55800309903;37;779161,91810521;1,67266553491928
"68";68;"Separado";"M";1,61870794396644;1038,51784509581;50;682138,685136079;1,6330954135116
"69";69;"Solteiro";"F";1,50951575569051;1793,28581181677;37;369852,916838881;1,63593091014371
"70";70;"Separado";"M";1,75733074190632;1516,9400013767;29;815815,270164117;1,5691513159619
"71";71;"Casado";"F";1,70728809120429;1821,33524222054;47;732772,877795754;1,33695389489965
"72";72;"Solteiro";"M";1,73145219290807;1288,96947890955;69;794564,889911283;1,6058713404661
"73";73;"Desquitado";"M";1,5966906500995;2760,54175506169;29;736792,31165427;1,64615960910409
"74";74;"Desquitado";"F";1,55363431382504;2294,65596786508;41;493465,099021056;1,25288114605076
"75";75;"Casado";"M";1,54756389989919;2680,3311254963;46;577356,22905296;1,48774336269104
"76";76;"Solteiro";"F";1,69827024127118;2181,24932189041;27;447033,468799557;1,1353003746805
"77";77;"Separado";"F";1,78266165154733;3357,47491845306;31;910642,664331269;1,44664942355507
"78";78;"Separado";"M";1,61496519633143;1610,49243001802;18;289298,811305923;1,6574125173113
"79";79;"Casado";"M";1,61418850956713;2532,18664203724;35;617803,283227448;1,53239322997016
"80";80;"Desquitado";"F";1,52125304279687;1777,96359919098;43;733621,05959302;1,4199711708401
"81";81;"Desquitado";"F";1,76078571495424;2743,90547732414;45;964890,332317894;1,16552052285552
"82";82;"Desquitado";"M";1,49030778819892;1572,89679001587;24;761937,458188264;1,56359041462303
"83";83;"Solteiro";"M";1,79303020967991;2453,9021766201;58;816869,013960548;1,40269597625642
"84";84;"Solteiro";"M";1,62854915616129;1508,52757724369;48;332845,784339659;1,44053746302136
"85";85;"Solteiro";"M";1,67447777078155;2529,76187217464;29;889675,642453086;1,27404924661933
"86";86;"Separado";"F";1,75014145940185;1260,7285329344;53;30226,7930961023;1,83169565169976
"87";87;"Casado";"F";1,59114466345268;1793,37453563702;27;918143,823385099;1,07017429555723
"88";88;"Desquitado";"F";1,50328467367729;1461,06237644144;48;76273,2246665047;1,63843239455653
"89";89;"Casado";"F";1,5688729901666;1782,81784545063;60;208099,770893493;1,80174242658217
"90";90;"Casado";"M";1,59911753293239;2421,8767468028;34;46231,5293286219;1,81482272605462
"91";91;"Desquitado";"M";1,49659668836572;1890,55956616576;34;360924,74167352;1,08392804226645
"92";92;"Casado";"M";1,52125472481276;2667,222916753;45;317939,013544732;1,37833593746243
"93";93;"Casado";"M";1,68672188861261;1736,64015355559;47;368284,082173634;1,45172391216375
"94";94;"Casado";"M";1,57092907572281;1205,64005417511;58;19844,8914507993;1,34796432068253
"95";95;"Casado";"M";1,84418917676797;2282,00172568475;39;519122,061313685;1,64020478103698
"96";96;"Solteiro";"F";1,6230094654734;1902,64816478129;68;414788,208049915;1,32704271065867
"97";97;"Desquitado";"M";1,78188709362527;1746,58123836517;31;948212,85669709;1,30316226669312
"98";98;"Casado";"M";1,66340800558307;2301,71937117919;60;772224,028881443;1,66182255287611
"99";99;"Desquitado";"F";1,65109371082019;1897,506220049;53;507334,217811343;1,65926870450299
"100";100;"Solteiro";"M";1,52122970549752;3526,92458516291;70;357491,079833889;1,5269669555328
"101";101;"Solteiro";"F";1,62521633140931;965,122695754872;20;566183,398237548;1,28760192294062
"102";102;"Separado";"F";1,56201737770255;2878,18184973015;52;378579,096413861;1,3684140755267
"103";103;"Separado";"M";1,72575662407645;2369,76388499396;31;641774,768496881;1,34092008637564
"104";104;"Desquitado";"F";1,47573024008958;2309,02808615532;60;123218,51302463;1,74469647001538
"105";105;"Separado";"M";1,53190478327118;3383,47025152466;23;640464,708431914;1,77111072542021
"106";106;"Separado";"F";1,42336611096736;2946,58395685324;51;586088,54463311;1,59568860622216
"107";107;"Casado";"F";1,63296720353239;2354,6307250496;57;593438,063915134;1,87520788925619
"108";108;"Separado";"M";1,76939759344584;1823,18271477513;46;785469,167100266;1,40916274128609
"109";109;"Casado";"M";1,68690823622429;2285,12164851776;32;558613,593925299;1,44041868794081
"110";110;"Separado";"F";1,45533720272771;1276,34049823702;40;265351,617369911;1,40642984038501
"111";111;"Solteiro";"M";1,65011957910831;1491,64914939584;52;287194,442321639;1,31667707449833
"112";112;"Separado";"M";1,82096469403971;2058,17910617811;60;710215,232802198;1,31488568139815
"113";113;"Desquitado";"M";1,80745239134589;1814,64359430915;25;293455,639634895;1,6240454376173
"114";114;"Casado";"M";1,69251557951962;1925,32728778423;35;35433,7103950281;1,49243423378997
"115";115;"Casado";"M";1,52117485135293;1686,74258908592;61;945733,91175078;1,64098324018547
"116";116;"Casado";"M";1,43926372708625;1984,86082053915;56;972677,009011553;1,323721485728
"117";117;"Desquitado";"M";1,70856663277481;1715,02560387543;37;870410,676486849;1,41130875759431
"118";118;"Solteiro";"F";1,43773708548817;1868,42323097678;40;973928,990303677;1,32874845439312
"119";119;"Separado";"F";1,5554587017475;2493,80571471037;46;103253,194847201;1,11877972768531
"120";120;"Solteiro";"M";1,62355371590017;2179,54438086729;64;664871,668663635;1,4000261076277
"121";121;"Solteiro";"F";1,83624103364748;2555,42103567032;65;505248,079093303;1,29260226714146
"122";122;"Solteiro";"F";1,65970086720272;2676,40006562596;27;672220,329585775;1,59797281964675
"123";123;"Casado";"F";1,62130374622814;2725,04233680023;57;606314,258858809;1,50871548644855
"124";124;"Desquitado";"F";1,58097660485392;2885,36702415147;28;937078,721759685;1,57830228273503
"125";125;"Casado";"F";1,65387339577449;1281,1264812796;31;686612,176980025;1,44008967364385
"126";126;"Desquitado";"M";1,67611243018101;2636,25324019193;37;185294,536709089;1,44471096252644
"127";127;"Casado";"F";1,61972285177667;1783,47994502012;56;717761,016060437;1,71862059144083
"128";128;"Desquitado";"F";1,5674259266845;3183,59296378062;65;726063,801682972;1,73505644883233
"129";129;"Casado";"F";1,68720580487258;2191,66019890603;42;263170,165977306;1,24122634742073
"130";130;"Solteiro";"M";1,61851283422021;1654,4198062059;59;165284,438282589;1,7265538233113
"131";131;"Solteiro";"M";1,74012727685104;2917,99419042971;38;54174,6048136232;1,84301844498219
"132";132;"Separado";"M";1,53826864392153;2470,31526992416;47;843264,370691157;1,12191339828853
"133";133;"Desquitado";"M";1,75042349203111;2408,67052270105;19;925021,301390971;1,655141848757
"134";134;"Casado";"F";1,48570208300956;1647,45703045633;35;589737,229622075;1,55174450506015
"135";135;"Solteiro";"F";1,5107392067651;1863,2986777091;36;543052,604849996;1,39536153105338
"136";136;"Separado";"F";1,85305854703347;3006,65812131894;34;354196,310996118;1,32588575590543
"137";137;"Desquitado";"F";1,66008441842227;2085,36117600993;60;798523,13461328;1,21422175834182
"138";138;"Solteiro";"F";1,67395069768251;2796,27503466355;24;964091,040250468;1,27148712269225
"139";139;"Separado";"M";1,70622801799092;1947,59881868132;21;606203,741767963;1,62366277538804
"140";140;"Casado";"M";1,71193022992789;2042,6324641745;27;12487,2841202577;2,13341185373073
"141";141;"Separado";"M";1,34527283080246;1420,09438841777;60;192,456760584842;1,36003999582464
"142";142;"Separado";"M";1,4834447248003;1533,4075372513;58;528379,057998083;1,42910464136914
"143";143;"Separado";"M";1,56011854198236;3244,45107831719;29;663541,198276523;1,17186909752958
"144";144;"Separado";"M";1,77819108322765;2527,4210959689;64;599114,543824685;1,43620429675602
"145";145;"Desquitado";"M";1,64682167647136;2733,77977767069;67;38635,0669674755;1,42715603075312
"146";146;"Separado";"M";1,70495829865483;620,612089461883;38;314084,131639881;1,57198677186289
"147";147;"Desquitado";"M";1,93369576022792;1387,80576486593;29;127370,452563394;1,53313783178823
"148";148;"Desquitado";"F";1,51177141548751;2063,46760776557;20;439197,512378634;1,87484291779682
"149";149;"Desquitado";"M";1,72184872010336;1313,56447021459;44;958562,307677974;1,77565266553565
"150";150;"Desquitado";"M";1,67995218569574;2709,95279044963;36;802686,087067008;1,70309986115103
"151";151;"Separado";"F";1,6980893981479;1904,38958190174;46;890086,158951035;1,5835496651496
"152";152;"Solteiro";"F";1,58539709663567;2396,17365112607;30;628957,044836638;1,20452897224039
"153";153;"Separado";"M";1,59575307087272;1643,93113399174;68;121514,797053348;1,89726775351361
"154";154;"Separado";"M";1,49091501610274;1995,64521638564;50;644530,009140409;1,5463915197564
"155";155;"Separado";"F";1,83150858117095;1382,11504349954;62;611131,801998186;1,61729432857017
"156";156;"Casado";"M";1,86091303962341;1464,32522720025;36;601072,497449056;1,32490863676025
"157";157;"Solteiro";"F";1,52323705259181;2695,00608706544;34;173024,33287748;1,5591288866555
"158";158;"Separado";"F";1,53822578721549;1333,15234717369;29;160616,673802529;1,52481494565604
"159";159;"Separado";"F";1,68136665628461;1681,32905397526;21;637405,094104372;1,31838011351897
"160";160;"Solteiro";"F";1,75140118094244;747,167523138263;51;492952,699522866;1,44486330634025
"161";161;"Desquitado";"M";1,6901329877112;2145,142744265;60;127654,944146729;1,44576359568398
"162";162;"Separado";"M";1,5888346151839;2427,12547595213;55;799967,001492257;1,09570182878154
"163";163;"Casado";"M";1,67869391368665;1889,65633106098;27;741176,600554829;1,23604550637816
"164";164;"Solteiro";"F";1,6916121821087;1507,95843099069;54;57652,6336010129;1,62264966337334
"165";165;"Casado";"M";1,67799244191091;1378,414357389;24;582814,472618228;1,59443403098691
"166";166;"Desquitado";"F";1,72441235497013;2773,01002590659;26;740528,319511165;1,58307203223607
"167";167;"Separado";"M";1,69389900657872;2003,74654840347;40;210371,260285481;1,43840747574432
"168";168;"Solteiro";"M";1,64615092663698;1833,38659260602;53;694161,067880305;1,23368743940167
"169";169;"Separado";"F";1,52284499744279;2227,80668610674;21;689774,66883551;1,51481491975127
"170";170;"Solteiro";"M";1,62471808453717;2451,312179105;48;281489,6963949;1,58618073215026
"171";171;"Desquitado";"M";1,66460566984125;2277,74006566024;23;48266,461864634;1,79340208666882
"172";172;"Separado";"M";1,79037301269271;1212,00021426152;55;115038,268385411;1,53020855774267
"173";173;"Desquitado";"M";1,63239055429874;710,710215944265;48;679999,931264648;1,30964706588524
"174";174;"Solteiro";"M";1,56508117036744;2969,47281064215;47;272695,970728232;1,38323945251924
"175";175;"Casado";"F";1,71269409978441;2256,38428497124;67;474047,157650358;1,55293100910577
"176";176;"Separado";"M";1,68102560057145;2214,1645977375;34;404922,244666777;1,18097071367575
"177";177;"Casado";"F";1,63132881543404;1546,00030322842;23;740284,824950569;1,70586766248084
"178";178;"Solteiro";"F";1,59512870588535;1631,22399596415;43;69748,2545258731;1,59184863282451
"179";179;"Solteiro";"F";1,72464035079401;1822,40399751242;53;6599,39567721961;1,34330876051829
"180";180;"Desquitado";"F";1,55868546577667;2016,10629291628;38;932788,283785875;1,89872016715426
"181";181;"Solteiro";"M";1,43183076630122;1749,93919405663;59;63167,8014827766;1,81187480410256
"182";182;"Desquitado";"M";1,58498702698105;2347,75976364557;27;504890,732701143;1,36489558567231
"183";183;"Separado";"F";1,71203282921287;1927,49312059556;67;768918,194809193;1,55166739101628
"184";184;"Solteiro";"F";1,59661444594182;1969,81111942345;29;708665,953754724;1,59622744198807
"185";185;"Separado";"M";1,7073137188897;1789,86139745455;66;269491,986528147;1,25347597772551
"186";186;"Solteiro";"F";1,72090800516482;2139,64475065259;49;32428,0290329116;1,7020899764385
"187";187;"Solteiro";"M";1,78010976008075;3345,01391765932;18;296924,198590275;1,63730448533604
"188";188;"Solteiro";"F";1,5156563676363;1751,28629081795;55;703458,880182665;1,6148151580903
"189";189;"Desquitado";"F";1,75691939267461;2004,56700563677;31;979546,37086716;1,51742461023456
"190";190;"Separado";"M";1,73690339837257;1883,45386458079;60;479459,916595108;1,47735582417765
"191";191;"Desquitado";"F";1,67462451235689;1468,66272305466;24;467194,398901267;1,76080917601264
"192";192;"Casado";"F";1,72214094626369;1751,96679377917;64;939760,535278309;1,49621366284723
"193";193;"Separado";"F";1,56310206301709;1023,20684040269;66;245167,700267115;1,46548258952264
"194";194;"Desquitado";"M";1,79972248505976;1324,64694486638;57;43533,5918040082;1,47943553341656
"195";195;"Separado";"F";1,62184200530175;2394,34769203478;46;384373,586756684;1,42030191544997
"196";196;"Desquitado";"M";1,71889458614252;2316,58516531405;21;508264,033586166;1,68824369210797
"197";197;"Casado";"M";1,80804184731291;2108,10136845285;45;203951,671469965;1,76097944617791
"198";198;"Solteiro";"M";1,54802421478563;1167,56424802019;65;615492,467153183;1,40121030720406
"199";199;"Casado";"F";1,53041326862533;2064,71062229401;38;929343,080352873;1,75577411975646
"200";200;"Desquitado";"F";1,69356916967763;2220,38641614933;47;313731,053286317;1,6432747284135
"201";201;"Desquitado";"F";1,68566534650154;1109,02759612932;58;669660,591201172;0,881810083124014
"202";202;"Solteiro";"M";1,45943580391219;1553,36831588105;59;631349,243343549;1,43976379016361
"203";203;"Solteiro";"M";1,79025101834455;2027,66810266409;69;843535,323857754;1,63824835007352
"204";204;"Solteiro";"F";1,67273502706424;2716,78454764486;58;838013,120029488;1,70987579512898
"205";205;"Solteiro";"F";1,59754573794069;2434,70294362224;33;312727,865676207;1,47122101337309
"206";206;"Desquitado";"M";1,71682072948854;2577,64525537619;23;9431,41737780743;1,50599409332684
"207";207;"Separado";"M";1,68406696058975;1917,0021305236;19;212949,600199255;1,88036284863286
"208";208;"Desquitado";"F";1,68031205195436;1831,11805926126;40;45872,9693065155;1,46159889947775
"209";209;"Separado";"M";1,55225959500627;2979,72648465454;64;29620,7288737996;1,79654567938459
"210";210;"Casado";"M";1,62467014792401;2694,46838980885;56;933363,66706845;1,30523471974953
"211";211;"Casado";"M";1,68652698824175;1196,09977985043;57;61914,1500786594;1,59475231563704
"212";212;"Separado";"F";1,43057165267888;2252,13450217374;25;928139,742043536;1,07639868005514
"213";213;"Desquitado";"M";1,42277726211836;1902,03818289482;38;223905,190111965;1,31800202860866
"214";214;"Solteiro";"M";1,78935446879719;2064,30809029249;67;183541,646563449;1,28000453848847
"215";215;"Desquitado";"F";1,67664092634712;1381,90563420503;18;353438,726263085;1,18055542737234
"216";216;"Casado";"F";1,86505839392299;1428,22166714899;59;412972,40631625;1,46323831798983
"217";217;"Solteiro";"F";1,64901338455766;3775,056233508;57;355495,753398344;1,48581689518012
"218";218;"Casado";"F";1,47899154641004;1520,51498036786;37;631345,986739397;1,33444507634332
"219";219;"Desquitado";"F";1,80353705103003;3473,2361458246;32;602156,111803924;1,48708913840843
"220";220;"Separado";"M";1,76656610712461;2744,68950651905;46;129065,523020596;1,52271379191972
"221";221;"Solteiro";"F";1,76363873758659;2190,82434812454;18;338852,705388481;1,45433400435651
"222";222;"Solteiro";"M";1,61093709102783;1936,18030772754;30;534423,355056652;1,48453992549621
"223";223;"Casado";"M";1,75587608737877;1355,15776148288;37;790199,981620864;1,59828856328762
"224";224;"Separado";"M";1,69235548414755;2435,87966987231;22;907660,930455986;1,36532046939618
"225";225;"Solteiro";"M";1,64266373571703;2107,14180099369;57;810179,518140243;1,30339360133801
"226";226;"Desquitado";"M";1,62087331361054;1874,61645440834;59;954124,336671492;1,26152888018604
"227";227;"Solteiro";"F";1,52877317961411;2495,11411754911;69;598612,58012752;1,78420588734757
"228";228;"Casado";"F";1,74784018017871;1431,89142943918;41;5016,48683427321;1,34879382581282
"229";229;"Separado";"M";1,6036088928868;1740,22251273196;39;824948,382921519;1,8464435881571
"230";230;"Solteiro";"F";1,68033594665503;1730,34390643431;30;489220,49911007;1,47390464887261
"231";231;"Casado";"M";1,6492217576193;3152,06157039801;62;370931,924106425;1,31544130306886
"232";232;"Casado";"M";1,86901391308114;438,371306608288;66;265504,681420535;1,66542263400551
"233";233;"Casado";"F";1,48601963857646;2131,23484103516;61;520840,251055809;1,600648859293
"234";234;"Casado";"F";1,74659937344848;1726,57814132382;29;91579,4949319651;1,37151876514588
"235";235;"Casado";"M";1,75305673563923;1661,44609634936;60;31456,7926529094;1,37375710415763
"236";236;"Solteiro";"F";1,6842590368522;2270,83864265899;56;409568,019186618;1,59583562604837
"237";237;"Desquitado";"F";1,78756416642811;1117,07365263431;27;848213,652081756;1,46135539451975
"238";238;"Solteiro";"M";1,51142103488514;2662,10150495694;56;101560,082602022;1,68681162104839
"239";239;"Solteiro";"M";1,60163182700171;2222,29786297567;20;134501,240407745;1,72035254888984
"240";240;"Solteiro";"M";1,67294422558256;2360,67527075536;48;802448,277055864;1,47454182691169
"241";241;"Separado";"M";1,56185802233857;2768,94358301186;61;791409,180172693;1,41862281833679
"242";242;"Desquitado";"M";1,60140419435648;1865,93244102618;64;861471,614978622;1,53599787409576
"243";243;"Separado";"F";1,37428545316635;2403,85104112076;42;399816,837962819;1,42323022974502
"244";244;"Solteiro";"M";1,74368209373386;1211,56263995917;41;484976,770581729;1,55737793125164
"245";245;"Separado";"F";1,53635423541959;2320,64108052679;55;263980,949831754;1,8122937114647
"246";246;"Solteiro";"F";1,57585922826576;1777,99014117456;61;693068,3883129;1,36777372388705
"247";247;"Desquitado";"F";1,6876085048264;1822,30851001929;32;589487,182556423;1,57223779736948
"248";248;"Separado";"M";1,73632541404005;3069,13110747315;66;708935,322485388;1,75295703069638
"249";249;"Casado";"M";1,6012341074218;2011,76230265674;42;788421,878495869;1,70982056049253
"250";250;"Separado";"F";1,54772596010076;2220,64356367859;53;853157,923364845;1,49838268261295
"251";251;"Separado";"M";1,55116670674737;3143,37986919075;38;655856,512649175;1,14169828768546
"252";252;"Desquitado";"F";1,46200574612398;2986,40202748607;70;515267,790336258;1,98390336202342
"253";253;"Separado";"F";1,64089969982901;2582,47451837529;33;180684,168563497;1,37323175521987
"254";254;"Casado";"F";1,6890446484911;1630,04468763332;35;694130,125114539;1,44084109078609
"255";255;"Solteiro";"F";1,82274420076994;823,476953352385;62;91995,5116044853;1,61422582640916
"256";256;"Solteiro";"F";1,6361463041009;1923,3654364869;50;657962,10668688;1,55843085610962
"257";257;"Separado";"F";1,75050194292146;1542,08224965495;59;105341,758083499;1,60511033073518
"258";258;"Desquitado";"M";1,61809879279812;1895,26671609071;51;165679,010808509;1,69990236398044
"259";259;"Solteiro";"F";1,61215364280519;2163,58800244126;66;694189,328185756;1,58804795243725
"260";260;"Separado";"F";1,57288058095582;2404,86199999607;57;313163,490057544;1,47583382283926
"261";261;"Casado";"F";1,64450147016829;1023,38654993786;23;20308,5899349505;1,46473410244546
"262";262;"Casado";"M";1,56355165879207;1707,61327862894;66;66739,5358903185;1,2938188293736
"263";263;"Solteiro";"F";1,71985519340139;2171,69221348196;60;359789,56266799;1,46090398519481
"264";264;"Solteiro";"F";1,55336541746798;2017,42005903104;44;735943,827134926;1,10532315234584
"265";265;"Casado";"M";1,63409498951578;2660,68523036449;27;795158,454567631;1,54986111838506
"266";266;"Desquitado";"F";1,89104558717413;1470,28897174522;37;841979,731741253;1,88845767322538
"267";267;"Desquitado";"M";1,82179105580718;3169,76669403341;53;128822,54137401;1,85329748215687
"268";268;"Desquitado";"F";1,71772911986916;1480,62255537034;28;181468,083263236;1,3476023136026
"269";269;"Solteiro";"M";1,52619667464839;1953,74080470512;69;634517,798093966;1,38547274098303
"270";270;"Casado";"F";1,67247533256719;2207,90986695913;32;153497,346216409;1,35628753466524
"271";271;"Solteiro";"M";1,66769375113269;1190,52939495606;61;928677,731267275;1,45404381158205
"272";272;"Desquitado";"F";1,6937894042417;2366,41740154165;26;602021,541673338;1,94652148085389
"273";273;"Casado";"M";1,61211768744225;1481,67708654044;67;52941,3070712171;1,28454351445273
"274";274;"Solteiro";"M";1,63955114026707;1145,07170076922;19;650496,150669449;1,64226183562874
"275";275;"Solteiro";"F";1,66890486450342;956,125990158478;48;364255,484403759;1,39408198850682
"276";276;"Casado";"F";1,64746089621644;1516,42751064569;37;641064,033032646;1,86271629069327
"277";277;"Desquitado";"M";1,57674715974566;1710,39554967731;32;814256,884094187;1,54394428949565
"278";278;"Solteiro";"F";1,83060281251422;1930,30383208586;64;287996,710432679;1,80330382166446
"279";279;"Separado";"F";1,78451065014894;2067,70072945262;39;150480,301924065;1,5438164351465
"280";280;"Solteiro";"M";1,55613601695903;1218,18595814405;39;155915,632283893;1,09889307977316
"281";281;"Casado";"M";1,67474503009254;2671,4681940977;52;589606,896458234;1,55586445163478
"282";282;"Separado";"M";1,85186808415592;2981,11104343911;58;536921,964829152;1,25079796214662
"283";283;"Solteiro";"M";1,57805832802107;1795,7199232949;46;459196,883020096;1,52355034688945
"284";284;"Solteiro";"M";1,73760876993223;2999,88052117247;48;47570,1700132689;1,58029467296197
"285";285;"Separado";"F";1,39850986355156;1304,15516688562;70;816267,067672384;1,17906131989227
"286";286;"Separado";"M";1,53572857331039;1958,09110747893;21;122645,267759569;1,52143457327956
"287";287;"Separado";"M";1,62723965194643;2181,42977993344;21;648508,5387348;1,54891696791436
"288";288;"Casado";"M";1,65720266871668;2829,89155812802;29;590349,936137944;1,61797320824889
"289";289;"Separado";"F";1,69805908718744;1386,54059579189;38;537895,078542977;1,64957105591387
"290";290;"Desquitado";"M";1,66745441377546;2264,0388249847;44;686147,334320653;1,35518933699575
"291";291;"Casado";"M";1,65520431336321;2256,57495077061;25;596368,543858265;1,66340237202534
"292";292;"Separado";"F";1,58004888847298;1656,69171389835;52;600814,802138661;1,51632281948647
"293";293;"Casado";"F";1,70804738745192;1740,66721534978;70;959203,293233792;1,15653149608511
"294";294;"Casado";"M";1,62645964838599;1831,54921951233;27;613432,124697113;1,71507025425982
"295";295;"Separado";"F";1,86062142153273;2943,82646798171;21;255744,345881096;1,44073131278845
"296";296;"Desquitado";"M";1,69058195038741;2232,23801462201;58;752212,998299411;1,58434597692403
"297";297;"Casado";"F";1,55722041729912;2634,89422449946;69;637669,268124176;1,27855073623701
"298";298;"Casado";"M";1,47822070024272;2044,12054675752;62;477181,143595687;1,3660927730734
"299";299;"Desquitado";"M";1,5991784969277;2714,56059092677;69;956206,099513335;1,47919860869688
"300";300;"Separado";"F";1,63564183997623;2984,52480412048;43;276758,43658726;1,96708595851231
"301";301;"Desquitado";"M";1,52904650212158;2045,58848374091;64;18045,2228619033;1,60811814221112
"302";302;"Casado";"F";1,65703187717304;2575,03218375649;53;856135,218077881;1,35646218865896
"303";303;"Casado";"F";1,76574950299506;1910,93580965871;25;239417,618453498;1,51945461704716
"304";304;"Solteiro";"F";1,6469079542529;2512,90035931095;20;124893,084741993;1,31649508216659
"305";305;"Desquitado";"F";1,61835345336609;2216,74061867363;35;305269,202176519;1,66793547904426
"306";306;"Casado";"M";1,68170546167939;1758,23743965376;45;476801,72545123;1,29475742426534
"307";307;"Separado";"M";1,69269962320673;2706,09445458143;22;302075,396520811;1,74309741110135
"308";308;"Solteiro";"F";1,75762431812312;2538,31484996623;28;318498,995013384;1,47266610328428
"309";309;"Solteiro";"F";1,65512621042073;1689,34462946141;60;147446,285318504;1,51558458097336
"310";310;"Desquitado";"F";1,7147826246893;1761,99228409125;22;137865,708205235;1,13423961817351
"311";311;"Casado";"F";1,62546054924908;1699,69485700498;20;667729,604744921;1,64466530839322
"312";312;"Desquitado";"M";1,66389569695579;2131,01027999212;36;571954,08868483;1,22054346971756
"313";313;"Casado";"M";1,58340859713666;2286,20930302192;56;649188,78540215;1,22441723281103
"314";314;"Casado";"M";1,72512423905219;1535,98756132495;40;369305,979835924;1,39674180460819
"315";315;"Solteiro";"M";1,54854983372156;862,026431418303;54;748692,002853784;1,61109127718335
"316";316;"Desquitado";"F";1,71008750625506;1701,4501630787;19;853496,594660659;1,78646810355517
"317";317;"Casado";"F";1,61685151063055;2155,93159591444;22;171816,527532618;1,41792287078051
"318";318;"Solteiro";"F";1,72027866053953;2034,35954194341;64;877960,065907563;1,62767463250135
"319";319;"Desquitado";"F";1,62809289113218;2068,20909585478;49;242777,717228876;1,73048403490123
"320";320;"Casado";"M";1,82805634299929;2355,82696510132;33;20931,9227954021;1,14399764472485
"321";321;"Solteiro";"M";1,66368157200426;1304,10147119027;67;763964,942618808;1,40247280662271
"322";322;"Separado";"F";1,84992805126174;2316,1752197869;61;42499,8422867761;1,57724328880453
"323";323;"Separado";"M";1,80230619376573;2593,94598608466;25;975374,530950159;1,77973441776326
"324";324;"Desquitado";"M";1,62409733581263;2604,54580315153;40;99934,5536890596;1,5424868080178
"325";325;"Separado";"F";1,77547243061947;1901,28052491993;70;41871,5902496735;1,84689550978959
"326";326;"Casado";"M";1,6351047342096;2566,61231250187;23;892534,3541883;1,73165314364778
"327";327;"Solteiro";"F";1,59979960545555;2587,63685947628;62;335232,2430075;1,54792377962961
"328";328;"Separado";"F";1,58885978031693;2535,04097381669;60;550139,851435336;1,17704340511933
"329";329;"Casado";"M";1,54482516884165;351,887617862524;41;620675,836101479;1,44083023407831
"330";330;"Casado";"M";1,59073783280488;909,876534739911;66;61708,8243169498;1,72664670651244
"331";331;"Desquitado";"M";1,56444788377572;3220,24831316366;68;241193,173229769;1,56897204330631
"332";332;"Solteiro";"M";1,7346671933198;1285,97081817452;51;652694,654796532;1,20919173164491
"333";333;"Desquitado";"M";1,60186786320407;2271,44360597876;21;328737,716883732;1,63672175015692
"334";334;"Casado";"M";1,75574166358176;1798,47557526392;60;479510,773675751;1,25109907636446
"335";335;"Solteiro";"F";1,5142557238413;2005,46676597456;34;286505,672142918;1,37859103892614
"336";336;"Solteiro";"F";1,86193462728489;1769,77687742473;28;9939,30962984194;1,48052487148408
"337";337;"Solteiro";"F";1,82253483803893;2695,54823467602;61;775214,931465943;1,68046340572602
"338";338;"Casado";"F";1,70701631861383;886,110608336784;23;297868,873107036;1,67466265014996
"339";339;"Desquitado";"M";1,7389138236906;159,184823923839;19;700200,493512347;1,95826970707586
"340";340;"Desquitado";"F";1,69601669004145;908,38511873503;67;796847,406383344;1,4563645605171
"341";341;"Casado";"F";1,66345004323329;2783,06727035794;63;196920,813211691;1,18913121468942
"342";342;"Separado";"F";1,74469536576118;1754,67261008743;60;226101,391951969;1,61703015754265
"343";343;"Solteiro";"F";1,62025989831957;3181,50808049558;59;911811,309319644;1,67271709370944
"344";344;"Casado";"F";1,7449997601011;1625,61179980077;55;134612,69970678;1,42989147933602
"345";345;"Separado";"M";1,66848630595074;2090,99093392834;32;580432,682496004;1,89586984282316
"346";346;"Solteiro";"M";1,55628680640785;2258,379266501;31;363777,672673625;1,79640211336355
"347";347;"Desquitado";"F";1,48183829765351;1477,45638512727;30;565926,285981298;1,43629656336002
"348";348;"Separado";"M";1,58525875344017;1838,77139011894;66;220352,202311722;1,56558589536221
"349";349;"Desquitado";"M";1,67731710269366;1532,93258088318;67;456862,63214454;1,48044089877052
"350";350;"Desquitado";"F";1,70813630299676;2248,18234621565;57;833542,824930686;1,36990274870565
"351";351;"Solteiro";"M";1,62850821436923;3096,63884194011;35;746242,71690316;1,62058585524763
"352";352;"Solteiro";"F";1,60245375980098;1516,175628502;47;912188,339044023;1,54550157066686
"353";353;"Casado";"M";1,45987354563996;2326,96066128263;31;302550,48466612;1,5182483513825
"354";354;"Separado";"M";1,77322549672712;2356,61022365097;68;718248,48725226;1,31287279008354
"355";355;"Separado";"M";1,61297039281416;1984,92623470556;25;587219,226216672;1,45491638637899
"356";356;"Solteiro";"M";1,64763893142031;1516,24377622386;47;959894,552359168;1,29745401551296
"357";357;"Casado";"M";1,52577787273683;1069,60973666047;52;908348,738778142;1,67169659382526
"358";358;"Casado";"M";1,71499393621938;1356,83342329326;63;593323,227380056;1,49283838848611
"359";359;"Separado";"F";1,51250630844752;2297,42714405855;47;219198,890139482;1,47618448032868
"360";360;"Desquitado";"F";1,81825905316904;1340,99447882109;68;691153,914717716;1,37962990632183
"361";361;"Solteiro";"F";1,73866187961825;1736,11195105445;33;308201,891419645;1,73699979969018
"362";362;"Separado";"M";1,5908418139611;1820,3979868027;36;799480,58148857;1,78747958665294
"363";363;"Desquitado";"F";1,79359980910667;1833,91831468381;68;744200,500074307;1,58788866924102
"364";364;"Separado";"M";1,59336064226338;3665,49455097538;44;222846,808384829;1,50096578543746
"365";365;"Desquitado";"F";1,63474232994242;2420,03785904587;49;731153,353974942;1,58906335749588
"366";366;"Solteiro";"M";1,69219301117008;2473,89379414295;64;825449,309824124;1,28246377526908
"367";367;"Solteiro";"F";1,56314118815207;801,271331920661;40;535009,529638784;1,52877970812582
"368";368;"Desquitado";"M";1,525109560423;1742,1791026998;63;867841,819884785;1,45628710314253
"369";369;"Casado";"M";1,68869621726957;2286,76282117736;55;448414,247255121;1,52740233410593
"370";370;"Casado";"M";1,6838667627836;1157,7952976242;19;624019,624668231;1,33106553941042
"371";371;"Desquitado";"F";1,77907095130754;1018,96405939406;31;90276,4769821765;1,61661003887703
"372";372;"Separado";"F";1,76531930351351;2209,24197441821;69;49687,9129162573;1,37316350077194
"373";373;"Solteiro";"F";1,63399625478543;2445,40910680842;44;784041,451186679;1,31221850306277
"374";374;"Desquitado";"M";1,65481024684609;2401,22411118039;53;820446,248314191;1,63113125275261
"375";375;"Desquitado";"M";1,60828338160645;2256,11306619283;53;489704,480658859;1,52506933126372
"376";376;"Solteiro";"F";1,57221879893274;2857,38315741375;20;44076,0937571698;1,7908008910295
"377";377;"Separado";"F";1,57263794986474;2048,24448133133;42;889775,777661706;1,76523361735099
"378";378;"Solteiro";"F";1,59302619785026;2575,8405929759;35;180372,454383147;1,09642488577715
"379";379;"Solteiro";"F";1,73829369137243;1207,43109532094;39;330618,238998398;1,20396360881985
"380";380;"Desquitado";"F";1,7150037916278;1170,71135822387;22;391086,179243431;1,67404575043279
"381";381;"Separado";"M";1,69338937330815;1191,68321842232;48;712856,788853832;1,4533132454598
"382";382;"Desquitado";"F";1,53899651805652;2310,57102469137;44;382840,04423094;1,25324858500588
"383";383;"Casado";"F";1,44969799689484;1312,34856144091;61;968381,44098375;1,35708663384613
"384";384;"Desquitado";"F";1,78289319153886;1520,72642438297;69;552783,651514328;1,63180318012072
"385";385;"Solteiro";"F";1,55788390476199;2023,7214689019;56;590032,020381679;1,58498862816327
"386";386;"Separado";"M";1,75308969806437;1714,10304514215;68;166438,339220712;1,27244672902882
"387";387;"Separado";"M";1,6444112347716;2464,37742268302;33;805507,921541379;1,59643040113115
"388";388;"Casado";"F";1,5304503358337;1299,86206573405;64;416131,15652685;1,73726182014072
"389";389;"Desquitado";"M";1,59009339564653;2626,91253868596;46;902565,736338359;1,26754263305865
"390";390;"Separado";"M";1,54670206927439;1432,72996503348;62;711601,974768465;1,18194169097372
"391";391;"Separado";"F";1,65186818171907;1413,6589931302;50;239594,916263231;1,61693505504711
"392";392;"Desquitado";"M";1,42173432669643;1955,17407222177;64;92406,3920543364;1,67626942833844
"393";393;"Desquitado";"F";1,65058828448163;1929,45902513516;32;191463,423208448;1,44796768745216
"394";394;"Separado";"F";1,8585078183237;1554,23636291466;44;334527,899891207;1,37816200147546
"395";395;"Separado";"F";1,68882550068982;1546,60619595888;55;170470,124596951;1,41458123087871
"396";396;"Solteiro";"M";1,77760709645347;2131,43647524368;52;265711,991896729;1,46197969432566
"397";397;"Separado";"M";1,69674040901934;2517,76708920468;33;156151,943535165;1,36975540881372
"398";398;"Casado";"F";1,56972705731431;1643,1637919536;20;695220,376508174;1,29928885837995
"399";399;"Desquitado";"F";1,66453989236478;1959,00809365618;58;471544,363916035;1,77147938191294
"400";400;"Separado";"F";1,66983310936685;2015,77121795941;31;726232,844661458;1,55775365199393
"401";401;"Solteiro";"F";1,57137270827929;2181,29159567288;30;776690,151441896;1,3954033242682
"402";402;"Casado";"M";1,73746112895526;2397,36455008785;31;367973,456650418;1,8820076718762
"403";403;"Separado";"F";1,62574584046409;1819,74529289764;37;28523,7881218826;1,41115538326622
"404";404;"Casado";"M";1,59274290180797;2336,38935612085;39;339503,788610475;1,48172481209676
"405";405;"Desquitado";"M";1,73264118067701;1695,81407930486;65;515556,568235749;1,62091290069333
"406";406;"Casado";"M";1,74760878062537;1706,05659607137;64;863457,915955321;1,5648741735338
"407";407;"Casado";"M";1,67177002957022;2279,94232857461;23;360171,198794285;1,80026146484661
"408";408;"Desquitado";"F";1,57694270215444;1683,56561313789;33;928655,640552009;1,03646112350882
"409";409;"Solteiro";"M";1,58150726226218;2701,75331198343;29;255823,865145027;1,28897010659992
"410";410;"Desquitado";"F";1,50344868384263;2549,56345800131;23;956386,979267777;1,4072511526058
"411";411;"Separado";"F";1,62037870130251;2753,82493189552;69;572755,504147722;1,72481514965419
"412";412;"Separado";"M";1,76774599578204;1904,47920773518;52;595333,865155605;1,33632083812735
"413";413;"Casado";"M";1,73080988961229;2300,20218846017;50;395632,672573616;1,64905558180897
"414";414;"Separado";"M";1,6689256236428;1558,38478955749;65;161116,196531631;1,39307912133091
"415";415;"Desquitado";"M";1,63141954412876;2122,28816296896;51;243322,033001342;1,38723230994377
"416";416;"Casado";"M";1,74908807102444;2924,54927471384;22;892504,481116699;1,36557268497621
"417";417;"Separado";"F";1,59348838947455;2266,15975186404;34;362448,466408217;1,44380616436629
"418";418;"Solteiro";"M";1,73806723915742;1999,33874832239;50;481302,256431187;1,61872578777547
"419";419;"Separado";"M";1,6280977041281;2270,24959708803;52;563851,48140633;1,64068027992392
"420";420;"Separado";"M";1,72920882133659;2188,91684263143;60;697710,841114784;1,84608667764105
"421";421;"Solteiro";"F";1,76584959859998;1836,57243281527;60;126106,657570732;1,33314205637025
"422";422;"Solteiro";"F";1,34491846202316;2594,71065420386;66;770030,221173255;1,40021195327106
"423";423;"Solteiro";"M";1,51485588477464;2139,05253819299;48;866786,549683672;1,83386516275472
"424";424;"Solteiro";"M";1,6791289496656;2552,29954782346;43;862361,343496227;1,25688587013553
"425";425;"Casado";"F";1,77687311092103;2305,67716827227;51;657309,284583575;1,70422942001681
"426";426;"Desquitado";"F";1,55764065267386;2735,00025514503;64;959052,392103856;1,58300405590192
"427";427;"Separado";"F";1,71676762976993;1162,55895623466;62;42882,6456637096;1,91734002993581
"428";428;"Casado";"M";1,71341734797488;2467,27128674222;20;438871,225043212;1,75555396670401
"429";429;"Separado";"F";1,71798348252208;1820,27087787813;30;159589,112381511;2,01476018171132
"430";430;"Casado";"F";1,61827056299053;1611,56579774971;59;728705,950156;1,5541014880563
"431";431;"Solteiro";"F";1,68417487426871;1182,50995552473;55;696399,324099861;1,41823788225896
"432";432;"Separado";"M";1,59322834926872;1046,3355425323;33;778132,614832778;1,49002153910453
"433";433;"Casado";"M";1,55797584052011;2216,42658739288;44;739473,092947725;1,6575491754082
"434";434;"Separado";"M";1,63149949604619;1967,78536201509;45;340103,886580441;1,45760203300481
"435";435;"Desquitado";"F";1,69905877775051;2456,4050542296;28;663973,611062198;1,24822326248114
"436";436;"Solteiro";"M";1,65367122168787;2740,99329982203;19;111553,884262139;1,22072814127214
"437";437;"Desquitado";"M";1,57971692170428;2059,08081450383;47;320212,718405392;1,4322939654692
"438";438;"Casado";"F";1,6729204075983;2072,9573028898;24;911331,900587755;1,46360980614536
"439";439;"Solteiro";"M";1,59008708060491;2126,15472523325;44;823855,080546276;1,45957042567418
"440";440;"Solteiro";"M";1,74315297567261;2489,83038920868;30;8615,3661592016;1,350801346081
"441";441;"Solteiro";"F";1,73935475422976;701,436820855776;45;654738,628098847;1,36840492615343
"442";442;"Desquitado";"M";1,40736958131108;2474,33209578864;39;817014,399151517;1,70468618964637
"443";443;"Solteiro";"M";1,71199807101735;2062,44823316696;69;677696,249150298;1,36556223293848
"444";444;"Desquitado";"F";1,53390096269476;2394,07651584364;36;20015,31552737;1,86010313994593
"445";445;"Desquitado";"F";1,68648802063993;1475,97879787795;28;283463,6666446;1,62781914883104
"446";446;"Separado";"M";1,46771101277306;331,09614700431;48;939824,91752446;1,68168935229409
"447";447;"Casado";"M";1,7538544239753;2430,30188182549;19;591242,351913723;1,58638770610875
"448";448;"Desquitado";"F";1,62708418256782;1807,96645932353;56;680359,314919276;1,39716157338976
"449";449;"Desquitado";"F";1,52367084637525;1463,57557417352;51;408824,043467397;1,52707933931734
"450";450;"Casado";"M";1,67844594024843;1733,36505272528;65;116391,65814664;1,65510602604151
"451";451;"Desquitado";"M";1,58875949883953;1198,4294675141;70;663461,33265284;1,68429305535461
"452";452;"Desquitado";"M";1,56182725047829;1418,00124910175;69;665387,90896247;1,5438418263476
"453";453;"Solteiro";"F";1,63648959947342;2150,23790736429;40;824919,423270951;1,50686426682485
"454";454;"Desquitado";"M";1,6718597429834;2004,93394068823;61;657448,831922063;1,54664971840155
"455";455;"Desquitado";"F";1,67587369696999;1843,78097437922;54;43780,1090159954;1,70692966788786
"456";456;"Solteiro";"F";1,59140960238753;2542,66768902527;66;102240,162943582;1,42370392135067
"457";457;"Casado";"F";1,64323166925807;3022,95620277126;23;702513,71194333;1,43859695979822
"458";458;"Solteiro";"M";1,68706826634091;2487,97041295843;41;26870,2698682875;1,59715738168726
"459";459;"Separado";"M";1,69300284088209;1522,00827206926;31;80469,6769165639;1,50921161611118
"460";460;"Solteiro";"M";1,53352965152101;2368,75924108615;39;528404,26092478;1,25281637098404
"461";461;"Casado";"F";1,5888377806417;1961,42819254077;63;649180,452205868;1,43434390327886
"462";462;"Desquitado";"M";1,62985983922798;2269,51184309021;24;601942,213409903;1,22602321449806
"463";463;"Desquitado";"F";1,60173515748391;1752,35818035196;59;626710,883801098;1,50756490076511
"464";464;"Solteiro";"F";1,93520892684458;1484,5876954596;63;789961,323759432;1,19426800868835
"465";465;"Solteiro";"M";1,7574437508386;2400,25137938803;55;17863,4630429745;1,40151580709992
"466";466;"Solteiro";"F";1,42565231360311;3032,43409182424;40;523051,881897605;1,37501530005883
"467";467;"Casado";"F";1,60720345289642;2810,7283637409;19;578800,593766962;1,6207371561891
"468";468;"Casado";"M";1,64599140034097;3126,35831521288;23;849946,890423967;1,42966233790303
"469";469;"Separado";"F";1,62025933924434;1268,64619828433;41;456687,472123851;1,74862006697018
"470";470;"Casado";"M";1,66853508646041;2008,24301257594;29;716392,318157778;1,58308714238051
"471";471;"Casado";"M";1,78915952516311;2395,27421836122;59;129422,969482394;1,78911818541218
"472";472;"Solteiro";"F";1,45006724342956;2863,36988068274;23;316618,212900435;1,53425345353756
"473";473;"Separado";"M";1,60261536158503;2000,70416734933;25;690859,016805919;1,31669184749887
"474";474;"Desquitado";"F";1,61340795455394;1785,61140245334;29;834030,317370172;1,64317594243958
"475";475;"Solteiro";"F";1,58909348446716;2700,8178522305;38;667449,668843273;1,30997507899284
"476";476;"Desquitado";"F";1,58165517388337;1794,3005654553;37;180324,372749903;1,0378696608829
"477";477;"Solteiro";"M";1,55871895510108;3619,29315892267;29;485768,345635095;1,34819750659081
"478";478;"Separado";"F";1,73287564531454;2231,86204402393;20;97939,6901327067;1,71985158051218
"479";479;"Desquitado";"M";1,72735974640087;1672,12120636989;66;362122,496188451;1,21121021873605
"480";480;"Separado";"F";1,57876435548919;1745,00903828065;36;495019,123608366;1,60953979979453
"481";481;"Desquitado";"F";1,82504159119319;1662,44535924563;58;580791,371374904;1,45196223382067
"482";482;"Desquitado";"M";1,552729860177;2644,14175640901;40;439543,954378838;1,46786870103818
"483";483;"Separado";"F";1,62451526720242;1745,48872137216;64;658129,857898853;1,26007439393066
"484";484;"Separado";"F";1,78788049602102;1858,75939025988;58;117859,151284344;1,76166720597433
"485";485;"Desquitado";"F";1,72688862045491;1081,92970420316;51;355962,479788684;1,50705199407342
"486";486;"Separado";"F";1,45588744700818;1642,044187017;54;295237,174143203;1,15967780124266
"487";487;"Solteiro";"M";1,65155059229976;2697,38395956062;52;53201,095619106;1,26580910370479
"488";488;"Solteiro";"F";1,71612691998413;1178,58357533146;43;921075,522669913;1,55853105407821
"489";489;"Desquitado";"F";1,69015677742434;1894,03140341479;29;852483,477994858;1,31306478157959
"490";490;"Casado";"F";1,57481457933356;1977,60762997141;65;215199,830504932;1,66797769160281
"491";491;"Separado";"M";1,58225404018994;2383,54866892881;63;636247,207515946;1,56384132123897
"492";492;"Solteiro";"M";1,61242635947678;814,95130207155;30;168570,443487552;1,56592440526068
"493";493;"Solteiro";"M";1,56058262116527;454,220486159428;40;9019,91868950869;1,53175489856594
"494";494;"Casado";"M";1,72482414666145;2223,96649491804;30;388456,005313463;1,08235050233829
"495";495;"Solteiro";"M";1,6886935719738;2528,17018313922;33;249132,412026577;1,35637714693094
"496";496;"Solteiro";"F";1,56410723163629;2728,31900542657;56;157491,209769283;1,59741833649364
"497";497;"Casado";"F";1,91558215789662;975,460235443971;39;657192,153986319;1,36587623352361
"498";498;"Solteiro";"M";1,55808491961678;2038,67824953435;37;335773,037836611;1,65598729110527
"499";499;"Separado";"M";1,65904055469286;1302,71209228815;20;838569,158571632;1,54104652170128
"500";500;"Desquitado";"M";1,68544533827636;1128,92732187857;38;267666,440342142;1,97118868536863
"501";501;"Casado";"F";1,5478792044357;1826,04169686375;55;169368,831501195;1,34953623399434
"502";502;"Separado";"F";1,69337727168438;2293,0673960433;38;136862,995354731;1,90883584448419
"503";503;"Casado";"F";1,56430486906541;1234,89838368526;35;930633,759122291;1,54640684116316
"504";504;"Separado";"M";1,44663986028396;1784,38909859599;62;728811,995413462;1,2162317023232
"505";505;"Separado";"M";1,87704339587066;1056,20324864592;33;291120,612191532;1,51444298958232
"506";506;"Solteiro";"M";1,5919551815421;2855,38812182532;56;839177,983390817;1,53500705699841
"507";507;"Separado";"F";1,6238419067344;2187,79453736229;40;325891,131623791;1,295474917239
"508";508;"Separado";"M";1,62465226849318;2169,13156522274;49;491597,10091858;1,70057059632412
"509";509;"Separado";"F";1,74959848090502;2101,45839393276;57;468623,156864211;1,32828969219562
"510";510;"Desquitado";"M";1,68041761548139;1498,48780483774;38;323009,657244533;1,42343341644329
"511";511;"Desquitado";"F";1,53556616928289;2133,81492550645;38;372893,505369404;1,6859190205825
"512";512;"Casado";"F";1,61339082544688;1339,07383092566;43;119357,867748352;1,26731595647846
"513";513;"Separado";"M";1,61909980504636;2861,52983083578;35;338918,528363254;1,56597868479846
"514";514;"Desquitado";"F";1,5469450196148;2079,13445647389;50;547717,893863101;1,45852354661789
"515";515;"Desquitado";"F";1,58486695874553;1563,03690494621;27;716494,804774419;1,82654028147887
"516";516;"Desquitado";"M";1,70897504124181;2019,18469527651;59;914028,28337747;1,38435333582061
"517";517;"Separado";"M";1,68591609305177;1836,44685008095;58;659056,883147291;1,56277605899255
"518";518;"Casado";"F";1,7176537057111;2842,34146923531;34;928886,788392742;1,30097605137088
"519";519;"Casado";"F";1,63157110740129;1617,95239415478;20;198893,370606046;1,64625044714081
"520";520;"Desquitado";"F";1,62483996249763;2418,20369787078;34;258714,387144672;1,60229323023782
"521";521;"Separado";"F";1,77671898997396;2409,17897435936;68;914375,189627684;1,44270268352216
"522";522;"Casado";"M";1,49140772741476;2290,42212998643;24;857376,464273944;1,53745273692937
"523";523;"Casado";"M";1,78011275543103;1684,34883441646;51;69414,9993278577;1,11526755695736
"524";524;"Solteiro";"M";1,72983067921029;1536,17510592973;41;128117,640563685;1,42193014761482
"525";525;"Casado";"M";1,54005950185119;2515,22108740397;43;297805,907143272;1,72833824084341
"526";526;"Separado";"F";1,67697863292109;1817,65414028348;38;141567,12578091;1,47282495069771
"527";527;"Casado";"M";1,78600655510333;1853,60591805872;66;287746,912855713;1,17388203113346
"528";528;"Solteiro";"F";1,79008208961114;2003,83625748474;20;942312,651463691;1,15206027986567
"529";529;"Desquitado";"M";1,65727695755211;1924,77952013089;21;977562,595620704;1,4839024100709
"530";530;"Separado";"F";1,56502710314332;2337,54673528721;59;430981,016941921;1,42776740664941
"531";531;"Separado";"M";1,40478911573206;2396,62731584145;40;141168,947549454;1,112097172751
"532";532;"Casado";"M";1,63143760835757;2417,46654635662;24;532081,689660643;1,55387239774426
"533";533;"Separado";"M";1,78486369438518;2023,261306773;65;894010,70623059;1,56243926117474
"534";534;"Desquitado";"M";1,67615611849563;2694,47899594322;26;937840,816937447;1,94430839197022
"535";535;"Separado";"F";1,61750540283031;2815,62914818919;19;719226,603305631;1,70010612890128
"536";536;"Casado";"M";1,66690762797968;2338,73322591637;54;763816,863772518;1,6112575172525
"537";537;"Separado";"F";1,61899219282913;660,028876974757;70;597948,246131879;1,53984082223558
"538";538;"Casado";"F";1,66783252812222;1623,35540416915;32;244130,669699495;1,1209427855303
"539";539;"Solteiro";"F";1,73007787820998;2144,57581601442;59;671276,998469632;1,52518249478771
"540";540;"Separado";"M";1,50909790535381;1035,03749482608;26;471513,735981229;1,42391438070932
"541";541;"Desquitado";"F";1,74174560474764;1296,41002595047;68;743484,974290216;1,2640925980909
"542";542;"Casado";"M";1,66258054836116;2126,66760562296;18;664865,510496924;1,66488163857103
"543";543;"Separado";"M";1,5429619645455;2356,6137562952;61;37872,3636039237;1,2955248262955
"544";544;"Separado";"F";1,61341243829323;1887,64864384722;59;725106,238516709;1,61415766457421
"545";545;"Solteiro";"F";1,70985329082456;1380,43662049853;47;303177,971330422;1,39279783691683
"546";546;"Desquitado";"M";1,53599366039004;2451,16791412761;43;531661,380046352;1,99350300755884
"547";547;"Separado";"F";1,58860817489902;2043,62516755446;39;160299,347269087;1,7330993132355
"548";548;"Solteiro";"M";1,72134789568079;2997,59492122865;25;252297,545217869;1,64721329614124
"549";549;"Solteiro";"M";1,77658670164937;2742,81514074015;35;53682,4694171033;1,61573602110063
"550";550;"Separado";"F";1,6238243125101;2371,59630226308;39;889716,157862134;1,60552562996799
"551";551;"Separado";"M";1,55246413761827;3492,44279791605;39;413890,986875292;1,54460080726962
"552";552;"Separado";"F";1,61290336947938;1409,89739782257;38;192805,407087184;1,22689701110375
"553";553;"Casado";"F";1,48596350285172;2850,84260155975;56;940491,525933903;1,21276825959254
"554";554;"Desquitado";"M";1,59321639188515;2079,92768055076;39;563062,159976042;1,68069581105561
"555";555;"Desquitado";"M";1,72702941816971;999,951237948366;34;55263,4262167027;1,14609634363796
"556";556;"Solteiro";"M";1,56018233326164;2238,4214419479;45;71102,3374635431;1,32674165365464
"557";557;"Solteiro";"M";1,56110550331661;2100,22734109204;36;37760,8743753857;1,16023464195972
"558";558;"Desquitado";"M";1,46446812530715;2251,83661048818;32;162211,20808715;1,40305710035876
"559";559;"Separado";"M";1,66703932056314;1900,78236800005;33;819457,309660943;1,61414566945023
"560";560;"Solteiro";"F";1,55863725526547;1830,07208823879;61;643140,169584758;1,51712648014174
"561";561;"Solteiro";"F";1,67140587545256;2690,64270223881;60;643821,34360978;1,3229884169014
"562";562;"Separado";"F";1,68026407174109;1613,34168277386;51;325735,388539893;1,25422274442514
"563";563;"Desquitado";"M";1,69611756615695;1846,18064770991;28;3721,47696867911;1,2335510909492
"564";564;"Desquitado";"M";1,7252890988259;964,274798437084;39;682362,369335418;1,82905498716134
"565";565;"Casado";"F";1,64552564868305;2376,98803715285;60;712034,493107047;1,19179523641942
"566";566;"Desquitado";"M";1,77307506098296;2162,0684798693;53;44133,0955248233;1,58770009133432
"567";567;"Desquitado";"M";1,76669735418134;1999,57818624208;26;752878,45111016;1,62472370695267
"568";568;"Casado";"M";1,59168447075572;1679,03726939606;64;297348,796348478;1,2567690569872
"569";569;"Solteiro";"M";1,72048696596477;1364,23783502755;57;884722,448750891;1,5634260107345
"570";570;"Separado";"F";1,61984411739091;635,096407820226;51;748452,171116098;1,50654215079417
"571";571;"Casado";"M";1,68185025507994;1837,1825231874;38;453979,45543909;1,39265586437878
"572";572;"Separado";"F";1,7332077978786;1383,42195350415;34;661514,14085546;1,55983065875056
"573";573;"Solteiro";"M";1,53685251218622;1585,49564688689;56;579557,486008963;1,71164318428571
"574";574;"Solteiro";"M";1,76012642747179;2272,77321258062;34;336557,054433744;1,71840365931204
"575";575;"Solteiro";"M";1,70627060544834;1480,77985800093;39;667546,060350783;1,49577123206533
"576";576;"Solteiro";"F";1,72493556526556;2179,75713855604;43;385494,799193645;1,33476080866542
"577";577;"Solteiro";"F";1,63776437092354;2964,51963869323;25;257329,716939767;1,53807874293612
"578";578;"Casado";"M";1,58737829974268;3043,68099545339;69;278681,777311932;1,47798731590525
"579";579;"Separado";"F";1,64730654685166;589,578218701523;54;790558,610640757;1,60916361126181
"580";580;"Casado";"F";1,73014748024246;2316,88234154761;25;186789,794144975;1,39257997537292
"581";581;"Separado";"M";1,47239906229378;1225,33328681367;61;592904,563888461;1,4100831583119
"582";582;"Separado";"F";1,58024818200842;1663,0739907555;45;240033,887494169;1,61674925109035
"583";583;"Desquitado";"M";1,58434065385246;1902,46960331608;31;909694,398502549;1,53674816765663
"584";584;"Separado";"M";1,64857671816786;1406,00629165595;29;253513,164676326;1,56873903923916
"585";585;"Desquitado";"F";1,49910084857972;1459,98639374724;56;587422,032645284;1,46354681021466
"586";586;"Solteiro";"F";1,82058886911797;1512,94005830538;24;928364,324584922;1,46513247843698
"587";587;"Separado";"F";1,60307285454287;2037,33240323608;24;915281,441972891;1,60256535873775
"588";588;"Solteiro";"M";1,51698995071429;2669,95108819017;31;11635,6798499888;1,29992447868545
"589";589;"Desquitado";"F";1,51221226788117;2111,61358394789;27;68459,7416472477;1,36046741018006
"590";590;"Casado";"M";1,53014137536484;623,871905729753;41;252610,771180853;1,17714150337366
"591";591;"Casado";"F";1,66039877973209;1794,09421527028;33;394313,451795863;1,67517644364237
"592";592;"Casado";"F";1,51726603230395;2650,64203604971;44;751606,42436167;1,595447193528
"593";593;"Solteiro";"M";1,56027711446242;1099,25067524104;52;545704,774451921;1,5978475383105
"594";594;"Separado";"F";1,6108359688451;1589,83279641561;65;762678,416510893;1,38879423711185
"595";595;"Casado";"M";1,55886576742631;2804,39645288446;46;191945,258057882;1,18609532048895
"596";596;"Casado";"F";1,66031040590994;2920,21677519185;37;738802,589818837;1,16417445552456
"597";597;"Separado";"M";1,60921808061201;2408,11024932301;40;598883,433681418;1,59542031718696
"598";598;"Solteiro";"M";1,55985570254268;2354,50286405606;49;792102,418757756;1,6141812991456
"599";599;"Casado";"M";1,5920287292886;1667,73272319551;56;490221,249636099;1,38911400883481
"600";600;"Solteiro";"M";1,72047979913221;2158,81331331814;37;506453,169306711;1,41205481222085
"601";601;"Solteiro";"M";1,71618512702693;1609,85327483931;57;77694,2299741474;1,54935827020106
"602";602;"Desquitado";"M";1,51867940633051;2191,40318282026;41;700888,772938597;1,72362720616931
"603";603;"Casado";"M";1,87561066491633;1119,88836135506;36;739135,183140732;1,23470689858008
"604";604;"Casado";"M";1,54707819094711;3403,23470431453;31;950883,010960554;1,72103345962975
"605";605;"Separado";"F";1,699159919692;1613,29917729379;40;359619,426234511;1,39905893034821
"606";606;"Desquitado";"F";1,61624949944936;1598,51173948677;32;594866,13190021;1,69938968312927
"607";607;"Separado";"F";1,78811013474551;1837,20444440021;33;543599,496844463;1,18861787645034
"608";608;"Solteiro";"F";1,73449743497508;1916,73550679658;46;777262,515728592;1,55982482796474
"609";609;"Solteiro";"F";1,81940085625048;1308,23313863509;56;191286,147331786;1,1838579699248
"610";610;"Solteiro";"F";1,64558644645163;2472,908157751;35;514779,361400321;1,35909347991445
"611";611;"Casado";"F";1,40560358823381;2297,0750386164;60;470740,294323043;1,42417473367451
"612";612;"Desquitado";"M";1,64740360266352;1852,36614531564;51;870631,236594343;1,51187955755802
"613";613;"Separado";"F";1,73573180609199;2555,42047621812;67;272609,967500093;1,36236528044746
"614";614;"Separado";"M";1,614555546358;1929,93957272957;55;382296,14952775;1,12573158839541
"615";615;"Separado";"M";1,59295460076819;1842,20242565842;20;288927,626745049;1,25838686311837
"616";616;"Solteiro";"M";1,66788856892553;1842,51942462697;33;28086,2231206731;1,29530869365298
"617";617;"Solteiro";"M";1,57933150672864;2848,33989372956;61;2426,46276216465;1,21587508732199
"618";618;"Desquitado";"M";1,55411755011015;1694,11621558185;23;828278,34108752;1,3393029547292
"619";619;"Casado";"F";1,63125015698526;1827,42546714823;51;356445,72383795;1,46190542989606
"620";620;"Solteiro";"M";1,565789906979;1811,81597492248;56;67264,6844431493;1,39432710627169
"621";621;"Desquitado";"F";1,69231404421978;2223,94639752474;31;40805,8575166042;1,40953068444707
"622";622;"Casado";"M";1,60948144132535;2184,17555836172;38;632341,533644258;1,69192018835882
"623";623;"Separado";"M";1,56903029274332;2206,15798956462;69;575003,952848294;1,26942854488883
"624";624;"Separado";"F";1,64635477453484;2064,53035338734;36;316616,747040169;1,42752868423476
"625";625;"Casado";"M";1,73851049755004;1953,15826065673;33;676436,607276078;1,70275744293478
"626";626;"Separado";"F";1,86289016900785;2408,95719843961;43;100303,130727611;1,85258902878608
"627";627;"Desquitado";"M";1,68608299818996;2829,1188707786;44;176235,764497624;1,4268354590901
"628";628;"Casado";"M";1,73550892457459;412,942368320026;52;877103,146979951;1,40255620343749
"629";629;"Solteiro";"F";1,57932758037842;1675,68935627066;37;341342,292672239;1,77911283446203
"630";630;"Casado";"F";1,63955051890599;1910,51582247219;69;315816,141730098;1,53102430996905
"631";631;"Separado";"F";1,6260278577949;1925,20415314408;52;453998,106546141;1,34757823561938
"632";632;"Desquitado";"M";1,41323947401769;3293,08353181692;50;703455,650537914;1,39874171398702
"633";633;"Separado";"M";1,51076477277802;1556,71335619072;53;97870,1419628523;1,67044349851416
"634";634;"Casado";"M";1,65333364818923;1331,7130835186;55;911569,062659418;1,95881520227539
"635";635;"Solteiro";"F";1,41086565202423;2173,21578047056;51;15661,9346652143;1,26539877824004
"636";636;"Solteiro";"F";1,78077034566497;2245,25874929397;58;211664,098091607;1,67730871380449
"637";637;"Casado";"M";1,56185342326657;1399,13321835146;65;339611,419674687;1,25682073817136
"638";638;"Desquitado";"F";1,65803972832233;1660,66653242373;36;884242,575540523;1,14635477982039
"639";639;"Separado";"M";1,60233492319043;2000,48692426091;50;256038,884181911;1,57746422576435
"640";640;"Solteiro";"M";1,64970645206014;2199,95223977099;21;371519,133655359;1,39577135843955
"641";641;"Separado";"M";1,63506324059674;1999,39997335492;43;374182,255170894;1,83463388956907
"642";642;"Desquitado";"M";1,61333067949642;1363,04211768796;65;958485,33447807;1,69164088158162
"643";643;"Separado";"F";1,59969718433699;1862,42907837113;41;653085,845288549;1,19242330270113
"644";644;"Separado";"F";1,61971830737772;2322,5735738065;61;229939,296288805;1,41890435858908
"645";645;"Desquitado";"F";1,70828372069933;2444,94546173298;54;825040,769358819;1,58292432538139
"646";646;"Solteiro";"F";1,64171521176686;1125,42190715812;68;629930,426088239;1,66943335702879
"647";647;"Separado";"M";1,65718964844884;1417,14576261914;41;976576,926822838;1,80139674982249
"648";648;"Casado";"M";1,74559342796561;2534,69626981479;67;779514,176253295;1,78561633828651
"649";649;"Desquitado";"F";1,6848132185129;2012,51369308001;43;383833,231502878;0,855127113175037
"650";650;"Desquitado";"M";1,53060605441782;2622,15523477989;56;118268,721233184;1,07711306347451
"651";651;"Casado";"M";1,84982069108157;2231,6766386221;18;210037,337956547;1,57090602229118
"652";652;"Desquitado";"F";1,69003606207753;674,034996941391;45;841219,01080749;1,13425874031312
"653";653;"Solteiro";"M";1,62886300341116;1755,66456668338;42;405106,31819626;1,90360194079619
"654";654;"Desquitado";"F";1,68770387061439;2925,9754728746;40;814048,982338945;1,30117889138174
"655";655;"Desquitado";"M";1,77532265684408;1151,66223240916;31;747320,415725918;1,43160291631689
"656";656;"Separado";"M";1,64750120650331;1030,64576372943;54;302462,593137623;1,4112870707703
"657";657;"Solteiro";"F";1,67593542704884;2147,30369631293;23;337859,365955861;1,36020920402779
"658";658;"Separado";"F";1,72356451419092;2080,29318373899;26;395836,362036818;1,46417081816865
"659";659;"Solteiro";"M";1,71588436555942;1587,02904270905;45;330558,299341536;1,23316598503672
"660";660;"Solteiro";"F";1,78221220328343;2285,5166568718;20;429967,576534849;1,22924369104296
"661";661;"Casado";"M";1,56068673073824;2154,94037095144;34;955433,938198187;1,35872787694864
"662";662;"Casado";"F";1,64576401086321;1041,67027291652;27;173283,033225174;1,49804914039749
"663";663;"Solteiro";"M";1,8282983892304;3057,66615348934;57;700471,166803815;1,62499411152755
"664";664;"Casado";"F";1,58308104333651;1972,87478969294;62;77656,3481329435;1,37207505569249
"665";665;"Solteiro";"F";1,66552715788891;2085,18418120341;47;457052,05460179;1,77264625376363
"666";666;"Desquitado";"F";1,67548670485282;1682,39126842964;22;356462,837116844;1,88120279630491
"667";667;"Desquitado";"M";1,61341948084087;1508,43301833844;34;452672,519694438;1,78401019903868
"668";668;"Solteiro";"M";1,75613005241401;1234,22707984835;22;298352,23093411;1,69550504383865
"669";669;"Casado";"F";1,56474190560765;1540,1474401828;58;68997,7578303863;1,32223157242123
"670";670;"Casado";"M";1,69543155849256;1743,10002453313;32;408319,656622791;1,30733730608102
"671";671;"Separado";"F";1,55275411273219;2300,78273801235;20;295789,272043535;1,3985311716286
"672";672;"Solteiro";"M";1,58054231404431;1358,62486413208;44;121595,236135458;1,5614093418631
"673";673;"Solteiro";"F";1,57715925008481;1718,02383633906;37;842776,596777256;1,22324260848059
"674";674;"Casado";"F";1,60824709825064;1300,68472669928;40;418758,034327445;1,71180036313438
"675";675;"Solteiro";"F";1,76491784303111;2289,46505189818;68;503608,213719663;1,50088072159775
"676";676;"Solteiro";"M";1,64485812880013;1552,66918977685;34;666703,574526444;1,1659363464953
"677";677;"Desquitado";"M";1,68937260882288;641,509617207628;40;576081,468666988;1,25004114513617
"678";678;"Casado";"M";1,62071119927699;1231,76312540148;38;227812,643532534;1,66804548341877
"679";679;"Desquitado";"F";1,42864379798638;1691,16341540877;24;522792,526299405;1,35199268871295
"680";680;"Separado";"F";1,71547314345962;994,21096974853;42;154490,386810933;1,41990189566856
"681";681;"Separado";"F";1,48769536013308;1302,67928514029;66;126716,946193958;1,33187884945755
"682";682;"Desquitado";"M";1,61658141963359;2344,24892118927;25;71016,1768199233;1,57515185676622
"683";683;"Separado";"F";1,65663118692007;1617,07046643737;43;954053,984517492;1,4755557328316
"684";684;"Casado";"M";1,6778978033705;2440,65732177377;29;91006,3013010097;1,69458879631324
"685";685;"Solteiro";"M";1,44812664910313;1728,28171786953;37;137048,367047873;1,33758564394099
"686";686;"Separado";"F";1,65634475465421;1613,27247789769;20;916298,484886926;1,27164327104907
"687";687;"Desquitado";"M";1,72975539071837;2797,12320673265;34;363001,83391352;1,38862918942598
"688";688;"Separado";"F";1,69206862237738;1580,26647392577;51;281861,310935359;1,72239726469079
"689";689;"Separado";"M";1,68715860742909;2696,15220328062;43;335259,567044969;1,29241302926169
"690";690;"Casado";"F";1,52746550997763;2176,10276517949;38;561126,168667081;1,70699966866916
"691";691;"Separado";"F";1,70973199629246;1836,35947712979;32;742328,70480886;1,72323185239368
"692";692;"Separado";"M";1,51374683751005;2575,64039907194;30;832695,966428723;1,4653978257584
"693";693;"Casado";"F";1,46888843846856;1529,66134046381;65;778724,18654974;1,45654100236769
"694";694;"Desquitado";"F";1,59931418237521;1899,56689519882;22;371052,540691203;1,58586755459252
"695";695;"Casado";"F";1,76882825974563;1704,51000777817;51;803306,91498794;1,69223395698179
"696";696;"Solteiro";"F";1,57915981808675;1992,64021658207;43;978239,867158319;1,50990016957877
"697";697;"Separado";"F";1,78288627522597;2929,548277123;21;191372,840309324;1,59926614724857
"698";698;"Solteiro";"F";1,71965180057525;1191,64220154766;30;790997,433366525;1,61469465130162
"699";699;"Separado";"F";1,55888707103161;1994,19007796182;20;850805,004018557;1,31470341992333
"700";700;"Solteiro";"F";1,57783804404728;3729,82506999989;47;812216,277061381;1,35174693632065
"701";701;"Casado";"F";1,67621074148483;1488,03376562455;56;490792,804455383;1,4136105507771
"702";702;"Separado";"M";1,61835659900131;1681,36188377484;44;249894,600876831;1,60744326166355
"703";703;"Desquitado";"F";1,59950736496146;1635,73177150626;41;883694,55993309;1,68795132342274
"704";704;"Solteiro";"M";1,5472905069209;2697,0033170878;49;648835,566996787;1,23797348056131
"705";705;"Separado";"M";1,69488516769492;2383,11171353604;21;329047,986908418;1,75300527078585
"706";706;"Separado";"M";1,56115118941067;2202,29051584031;39;653236,688844173;1,66676358657034
"707";707;"Solteiro";"F";1,64452602294797;1633,33671060721;59;405416,222669757;1,64677852588047
"708";708;"Separado";"F";1,67645105071047;1529,05259865137;52;402002,250102552;1,13497208680466
"709";709;"Desquitado";"F";1,56487636918392;1434,68460173424;19;725,063243071316;1,27480022795866
"710";710;"Desquitado";"F";1,47486464399268;2083,60308963547;42;253457,598610965;1,48493803510049
"711";711;"Solteiro";"M";1,63020043135531;924,586355262083;48;462578,042113327;1,30330952854351
"712";712;"Casado";"F";1,79884196471072;1714,18395553004;44;389406,525450669;1,82880936864754
"713";713;"Desquitado";"M";1,74784909072039;1583,31200066669;20;643890,796050917;1,33800318214716
"714";714;"Solteiro";"M";1,49993089874571;1288,32513377895;42;514088,578176898;1,44412331138926
"715";715;"Desquitado";"M";1,65047462200853;1669,65983335139;23;117070,556387044;1,287699537074
"716";716;"Desquitado";"M";1,57584967732649;2512,34802731802;49;379418,29776077;1,56294201909647
"717";717;"Desquitado";"M";1,55835545449533;1524,22529634006;54;137544,702170611;1,76406149708832
"718";718;"Casado";"M";1,50166854431191;2514,11050917716;21;634499,31171342;1,81115100201461
"719";719;"Separado";"M";1,78324648463607;1726,90478165579;63;422164,123554798;1,42134870173056
"720";720;"Desquitado";"M";1,83063633364639;1727,44696942837;53;720565,529120205;1,42415409374584
"721";721;"Solteiro";"M";1,50540179339402;374,436475712118;25;910828,551908525;1,74482914254412
"722";722;"Separado";"F";1,66455557452458;1541,93927515023;70;279710,143859443;1,32922524025289
"723";723;"Desquitado";"M";1,69415148583576;1540,80649665387;23;494289,608637227;1,58622208924425
"724";724;"Casado";"F";1,67753886369209;3021,69667046944;67;377965,978652905;1,78943447638081
"725";725;"Desquitado";"M";1,64796231652892;361,934944141448;44;400713,528859749;1,49119728971576
"726";726;"Solteiro";"F";1,61398286127281;2006,88081261803;59;133512,469908043;1,74873887401893
"727";727;"Desquitado";"F";1,61824178909016;1808,10571880433;53;842021,94582098;1,42087315565564
"728";728;"Solteiro";"M";1,63807846550745;1656,22419286786;58;71648,8885815267;1,70619579496942
"729";729;"Desquitado";"F";1,63785850218331;2361,65149075494;25;363138,921092509;1,54910533566166
"730";730;"Casado";"M";1,78584973626661;1919,75918018371;34;972688,639251087;1,57519932027012
"731";731;"Desquitado";"M";1,6538215273229;1952,09668954805;57;801383,75384029;1,28000490111685
"732";732;"Solteiro";"F";1,65928137712988;1940,5511121103;66;303759,467999687;1,00764049571299
"733";733;"Casado";"M";1,53685962403769;1851,5635774305;70;542446,601857517;1,51450987716549
"734";734;"Casado";"M";1,64883616899226;1194,15953328499;40;860761,169213705;1,66950150931786
"735";735;"Casado";"F";1,64268758115742;706,413977927264;19;180155,520771913;1,1877994327086
"736";736;"Casado";"F";1,6384156648423;2116,94319938427;33;647358,487279163;1,24644892916846
"737";737;"Separado";"M";1,57729847357122;2164,21324210637;38;707523,227487967;1,50013897905206
"738";738;"Separado";"M";1,69427673752135;2877,6612840867;34;578467,973257198;1,50747097990732
"739";739;"Casado";"F";1,78462039257169;1752,07103765803;62;534532,671768782;1,33352518178033
"740";740;"Solteiro";"F";1,54241460843731;1584,37217744915;40;671983,489427628;1,99333114441726
"741";741;"Separado";"M";1,5610598131946;2286,42687880673;48;328566,614938176;1,58449327637954
"742";742;"Separado";"M";1,55949053526904;1660,03802646115;38;867301,480623843;1,10806125173226
"743";743;"Desquitado";"F";1,61773332209834;2012,78575116865;47;185422,586320348;1,35684875188539
"744";744;"Solteiro";"M";1,78272737560614;2690,6901331793;57;577071,480441445;1,71980190847691
"745";745;"Casado";"F";1,58519453537484;2898,64139924199;58;968735,878730797;1,53450988362812
"746";746;"Separado";"M";1,6976189894191;2513,87485159717;20;244907,316784666;1,54526242085566
"747";747;"Solteiro";"F";1,54252358794358;1568,0400227679;55;950427,697306791;1,78504098408557
"748";748;"Solteiro";"M";1,77039655998992;1284,02789075134;35;687349,564096011;1,4076833130847
"749";749;"Desquitado";"M";1,71867102645085;1619,86911162297;37;431122,458064035;1,40516038962584
"750";750;"Casado";"M";1,7464136750207;2405,42824686517;65;215764,89564827;1,61376348255841
"751";751;"Solteiro";"M";1,4418350516987;2802,91333678856;66;165428,767259093;1,53612905351591
"752";752;"Desquitado";"F";1,7293485334599;1576,29416959184;41;563754,040538439;1,76176474067518
"753";753;"Casado";"F";1,72420969440541;1528,19673544736;42;453607,177880163;1,40591050502011
"754";754;"Separado";"F";1,55085337316345;2667,2612639655;69;111401,729748565;1,10838235981092
"755";755;"Desquitado";"F";1,72446197763633;2988,10656781964;29;135510,896217668;1,37893263046469
"756";756;"Desquitado";"M";1,54377761643808;1848,25399420723;46;374145,69319795;1,81965231626234
"757";757;"Desquitado";"F";1,55262993617494;2187,33637315817;60;976659,341709122;1,38123736268961
"758";758;"Casado";"M";1,86210578044344;1601,84560700173;61;693068,437205371;1,18425370117587
"759";759;"Casado";"F";1,77430552950996;1546,56141168853;50;552241,09404308;1,30352380531165
"760";760;"Separado";"M";1,80532807767291;1230,31376172201;33;185902,531955546;1,6177769785995
"761";761;"Desquitado";"M";1,53927035384016;1102,75677983615;41;397248,823956245;1,86133853213643
"762";762;"Solteiro";"F";1,78126900547778;2973,25907384115;46;128356,798544837;1,6749995908696
"763";763;"Solteiro";"M";1,63368588706789;1119,35638808869;33;448832,39966046;1,64223076095136
"764";764;"Solteiro";"M";1,61690520907012;3153,91837689185;61;879655,800525581;1,47204814345102
"765";765;"Solteiro";"F";1,78888130122405;791,486637281376;63;200918,36883157;1,60026115947751
"766";766;"Separado";"F";1,60893736338063;1952,7641906372;48;869972,233934317;1,08362131629949
"767";767;"Casado";"M";1,49909144672496;1959,10966435238;63;548656,642566626;0,962981045373749
"768";768;"Desquitado";"M";1,54327047698708;2936,39101507399;65;708648,408668489;1,54719930109492
"769";769;"Casado";"F";1,63141470292503;1511,31818937973;19;639395,812538716;1,41134616323184
"770";770;"Desquitado";"M";1,57759076447682;2577,68927455758;55;321066,375017116;1,36723609661689
"771";771;"Separado";"M";1,76601451508677;2424,41948075867;50;402555,977218837;1,57641666731825
"772";772;"Solteiro";"M";1,6780832478704;2553,05466041118;30;404140,017671182;1,34489618321638
"773";773;"Separado";"M";1,46095859984503;1142,45898137171;48;559457,883744753;1,44692533507677
"774";774;"Separado";"F";1,47394510061437;1798,04441740619;52;851061,332624446;1,51563401708029
"775";775;"Casado";"F";1,54191348104147;3199,97884498634;46;152453,130283239;1,82856449754773
"776";776;"Solteiro";"M";1,6321899238934;1798,72479514308;35;81567,6172225121;1,44039862785403
"777";777;"Separado";"M";1,65834803214681;2988,35771115941;43;687842,79431834;1,60126604945064
"778";778;"Separado";"M";1,69859486487717;1494,32835660309;48;663885,689604197;1,17954745004775
"779";779;"Solteiro";"F";1,62184271649724;3254,55507951552;48;819355,370228737;1,78909510558034
"780";780;"Casado";"M";1,84820714839056;1844,83414419459;21;93583,9585479388;1,22094782230984
"781";781;"Desquitado";"F";1,64389292745488;395,103868988817;61;772899,093632225;1,25304469545441
"782";782;"Solteiro";"F";1,53545358512616;1688,17977069106;57;558728,849244957;1,21025486451144
"783";783;"Solteiro";"F";1,65122899186223;1028,39662680517;42;150397,741731183;1,41268304386262
"784";784;"Casado";"F";1,68357424151865;1255,89943485524;24;260906,732648106;1,49677041624504
"785";785;"Desquitado";"F";1,78213407846449;3080,43998473399;65;204932,878715575;1,47290422255452
"786";786;"Casado";"M";1,58086846163568;1612,26738236854;27;933983,48218412;1,39519069977057
"787";787;"Solteiro";"F";1,73835604116214;1382,00531140874;52;504769,098284774;1,61874602367094
"788";788;"Separado";"F";1,68075298931305;1624,97753828868;31;728149,694796307;1,46035967585408
"789";789;"Solteiro";"F";1,56798735237355;1789,05777282161;39;13108,7225116745;1,65232621939624
"790";790;"Desquitado";"M";1,74123468117231;1576,71495203058;35;966654,817975705;1,07112676400274
"791";791;"Casado";"M";1,53901849789826;1923,68353630198;66;42931,404023591;1,60888127073778
"792";792;"Separado";"F";1,7691180613758;2128,25689995435;20;393359,924086253;1,0823536208437
"793";793;"Separado";"F";1,82712461235468;2442,92640460384;36;286690,649040776;1,38634278614435
"794";794;"Solteiro";"M";1,63561909366273;1388,23287194066;50;73834,4544812287;1,58595595702946
"795";795;"Desquitado";"F";1,45438820299348;2213,1092928556;31;665689,354124523;1,68071273900254
"796";796;"Separado";"M";1,63078110428225;2038,3593918906;40;79927,5297765248;1,55048397741831
"797";797;"Separado";"M";1,61714940496277;1408,71234487367;48;251648,273758953;1,3806641301804
"798";798;"Separado";"F";1,63041874021182;1899,62168719922;47;659637,358100984;1,17487080620689
"799";799;"Solteiro";"M";1,69417536235052;1868,35957305824;52;980012,528825402;1,48519843802846
"800";800;"Separado";"F";1,76184248471405;2066,72675097758;67;719171,837568905;1,14695525992588
"801";801;"Separado";"M";1,76353471344023;1781,15188220685;32;210077,000488978;1,42040194398613
"802";802;"Separado";"M";1,64805107197405;2623,48360167155;45;66732,5125096382;1,79072271742808
"803";803;"Solteiro";"F";1,65885056043216;2335,04089783902;58;422623,856722431;1,92991807118575
"804";804;"Desquitado";"M";1,80592520615784;2321,07784028138;21;249263,611089795;1,23901668090964
"805";805;"Desquitado";"M";1,65424593209758;943,963789639719;37;29885,2810106147;1,85176254501115
"806";806;"Solteiro";"M";1,56082004557961;2095,11705755762;45;197055,906308945;1,46316372221495
"807";807;"Solteiro";"M";1,53469660264877;1652,40498824522;59;6986,65283844713;1,53179987971211
"808";808;"Solteiro";"M";1,53194646008631;2282,74184258061;35;515165,041436639;1,66646914523263
"809";809;"Casado";"M";1,70035900053882;1521,76928472911;36;585705,481486363;1,63065014834559
"810";810;"Separado";"F";1,61745007488092;1908,5391503376;56;493574,329371718;1,33836129757066
"811";811;"Separado";"F";1,68339254889539;1592,42345016806;47;202837,522624315;1,50215168501401
"812";812;"Solteiro";"F";1,61367681504372;2103,37753743917;23;385305,106000046;1,28644886509858
"813";813;"Solteiro";"F";1,64244516965639;1883,83058384823;52;545119,079884193;1,7110405996033
"814";814;"Solteiro";"F";1,59911698346947;2227,42392711708;34;735890,028052624;1,66071261394891
"815";815;"Desquitado";"M";1,67079853301643;2748,59481271543;61;502892,070611001;1,38410961212468
"816";816;"Desquitado";"M";1,74615319337638;1452,02061036345;45;757229,485362154;0,968398593652104
"817";817;"Casado";"F";1,71479912163003;2497,46180506969;46;562288,477282541;1,4650384189425
"818";818;"Solteiro";"M";1,64772040582487;1616,39620555607;48;519258,60039436;1,00339218113317
"819";819;"Desquitado";"M";1,81401843698343;2058,64231433169;18;750754,720935641;1,84152693181753
"820";820;"Solteiro";"F";1,75925746300192;1918,47012686954;66;242676,875592584;1,4347285320356
"821";821;"Solteiro";"M";1,565987721891;1301,28628874106;54;146911,292015225;1,286490883996
"822";822;"Desquitado";"F";1,54225493710108;1518,33893454378;35;233047,897445721;1,87324619887527
"823";823;"Desquitado";"M";1,71038191677718;2286,66942740569;19;625313,56461119;1,48755337018082
"824";824;"Casado";"F";1,75920190598285;1375,10166128615;37;913285,015913676;1,20419178965714
"825";825;"Separado";"M";1,6706935811111;1425,99574745222;49;916618,407747685;1,48001660704139
"826";826;"Casado";"F";1,693368340716;2033,0852997909;62;81819,1418003745;1,46168798815979
"827";827;"Separado";"M";1,78144982050929;2008,69868316729;67;741090,505710424;1,25881106070555
"828";828;"Casado";"F";1,79366609488355;2378,70839373082;36;625507,473295402;2,1209171746113
"829";829;"Desquitado";"M";1,8414745878766;2319,40283259915;36;517117,087296864;1,56040328080357
"830";830;"Separado";"F";1,52648395113009;731,883063367969;28;554787,315715546;1,6821014973599
"831";831;"Casado";"F";1,62522938101385;1787,4964979665;46;537891,93274653;1,6313914388939
"832";832;"Solteiro";"M";1,69214382322442;1858,3107733512;34;139775,137194017;1,42055186357791
"833";833;"Desquitado";"F";1,74395370572605;3029,09455094799;55;545059,742244445;1,50396448554649
"834";834;"Casado";"F";1,61234357430713;1697,43216174101;29;862767,951795031;1,3966247356228
"835";835;"Solteiro";"M";1,66757138636455;843,640464827492;59;641440,328913014;1,44150871466137
"836";836;"Desquitado";"M";1,55280892696605;1571,31361375924;27;306194,908242104;1,49636594420195
"837";837;"Desquitado";"F";1,56534843875725;1963,27981220751;46;254819,575169614;1,6129306821823
"838";838;"Solteiro";"F";1,67128521843943;404,232236452347;34;483567,342737168;1,62658078294336
"839";839;"Casado";"F";1,48582140744525;1008,31687924241;45;343860,695213845;1,33670286205752
"840";840;"Separado";"M";1,59377747572496;2661,83561510906;62;141506,373229592;1,5623848573536
"841";841;"Desquitado";"F";1,50782713599125;3825,06642641392;39;672092,445157959;1,72677750278843
"842";842;"Separado";"F";1,71363280259122;2361,04197776027;68;512384,810114573;1,654375006888
"843";843;"Desquitado";"M";1,75912263543268;2365,62500985877;23;294289,167855827;1,59637259526
"844";844;"Solteiro";"M";1,58885975897445;2324,39544388235;48;575385,071491187;1,78160798187293
"845";845;"Casado";"F";1,7877279606468;1697,9432351715;69;290617,060174454;1,45853205361739
"846";846;"Solteiro";"F";1,69845451625266;2204,83132761919;22;558756,272895125;1,3518200995681
"847";847;"Desquitado";"M";1,57900975914203;2566,77535940593;56;39691,3472322163;1,45110831915611
"848";848;"Casado";"M";1,69995128243376;1497,92268950515;38;340382,996336403;1,61529114799389
"849";849;"Desquitado";"M";1,75340692082466;1887,12776549005;20;881134,322342644;1,54206915470032
"850";850;"Separado";"F";1,7619523396415;2252,32669000517;41;944328,890625797;1,50782887039978
"851";851;"Casado";"M";1,66845608368507;2461,84449450148;34;66058,5355021111;1,65376986813277
"852";852;"Desquitado";"F";1,58471679276777;1666,53052814062;23;889112,399353953;1,59528931151881
"853";853;"Desquitado";"F";1,80392643801894;1474,92003717399;30;339711,946936958;1,53082406115704
"854";854;"Solteiro";"F";1,63062610118368;1937,16658055507;63;41112,2712047196;1,59611454952341
"855";855;"Separado";"F";1,75751382173567;1874,23868198755;36;155701,489655985;1,17951106374524
"856";856;"Separado";"M";1,7266017672538;1921,93855905767;43;807397,373386173;1,10449026371887
"857";857;"Solteiro";"F";1,83656585931339;2863,79495856052;24;561955,45900739;1,81666851777817
"858";858;"Solteiro";"F";1,70133828820102;2537,04251341057;68;140700,700923108;1,36969427109239
"859";859;"Casado";"F";1,54671835388052;2240,03975931965;34;128191,983165847;1,6793107499888
"860";860;"Desquitado";"F";1,58982589339074;2263,9400744186;25;514067,124663049;1,41835317236079
"861";861;"Separado";"F";1,72749346446114;1228,24849597306;19;698334,287067635;1,58624917434099
"862";862;"Separado";"F";1,57561555156922;2106,98249674986;58;511376,551167129;1,41346374683374
"863";863;"Separado";"M";1,58843561222102;2631,14611606326;49;29166,7983743465;1,25052436268597
"864";864;"Separado";"F";1,49875961761349;974,840565814346;42;32605,6329917652;1,09086556658709
"865";865;"Casado";"M";1,53596619796817;1682,39482901523;49;344166,766426191;1,34388529475786
"866";866;"Solteiro";"F";1,69687574361722;1848,88115618347;70;126458,408288073;1,69858772004748
"867";867;"Desquitado";"M";1,60987826607715;1859,02786306935;41;719950,82966495;1,7162142127195
"868";868;"Separado";"M";1,55266006130366;1998,26751510845;28;566939,795843096;1,3821337762402
"869";869;"Casado";"F";1,66905400706811;1991,01389706144;65;638622,2714963;1,53386330997259
"870";870;"Solteiro";"M";1,73994783119793;1533,55951985362;64;839420,871136441;1,75246161877451
"871";871;"Solteiro";"M";1,59418622497935;2095,38378414979;48;361844,42231317;1,39661704425702
"872";872;"Solteiro";"M";1,66545804302478;1424,26482186386;48;684016,190082622;1,69355817653929
"873";873;"Solteiro";"F";1,65182576810238;2297,15977933053;67;715673,128179959;1,74538995357923
"874";874;"Solteiro";"M";1,87761742145599;1338,04288843382;32;302830,774238543;1,23765256657235
"875";875;"Desquitado";"M";1,75168043557735;2139,01229951515;30;682852,098491239;1,40053629510336
"876";876;"Casado";"F";1,87629186164085;1736,3848062298;65;381072,604234116;1,51179282850317
"877";877;"Solteiro";"M";1,56939020890494;1930,44794455624;34;304280,952130322;1,60909369429106
"878";878;"Separado";"F";1,62339443813835;1531,92198205483;34;934579,864783193;1,16559235198927
"879";879;"Separado";"F";1,65333162772078;2464,08004164196;33;378322,902833442;1,43398755806797
"880";880;"Solteiro";"F";1,68694446949211;2737,17522494397;61;147467,337639924;1,77015881203868
"881";881;"Solteiro";"F";1,67054696500052;1794,44421195636;65;881070,622763338;1,2710688382658
"882";882;"Desquitado";"M";1,63748139719788;2504,46813365898;22;615453,076499448;1,47618600574598
"883";883;"Casado";"M";1,77349878319617;2255,69586331837;34;23968,3636907518;1,36742413386576
"884";884;"Desquitado";"M";1,81846899486662;1741,42323326314;57;343431,398523582;1,91208951255461
"885";885;"Desquitado";"F";1,6372862780677;3209,34154583228;65;706179,939048426;1,35948204647015
"886";886;"Desquitado";"F";1,73374145402859;2306,57583759682;29;943790,029790943;1,80189751335674
"887";887;"Separado";"M";1,52825800264228;1156,25021941931;67;269736,671414802;1,7930392220286
"888";888;"Desquitado";"F";1,71717467512238;1593,37187162395;41;562416,890617233;1,38204081365389
"889";889;"Solteiro";"F";1,5456985526274;1717,26976444302;26;732124,180709143;1,32416958815806
"890";890;"Casado";"F";1,70184160234075;1248,16293438208;37;53062,8587816295;1,41800886899937
"891";891;"Casado";"M";1,59942393668647;2470,7726661491;51;950661,131670208;0,984457396214762
"892";892;"Casado";"F";1,78340952521293;1855,93439754277;48;461277,538241838;1,50287387272704
"893";893;"Separado";"F";1,64650014654688;1238,21148024545;27;474510,109724676;1,63002344077927
"894";894;"Solteiro";"M";1,55867908408776;1316,70614678641;40;777940,05594633;1,44003847478773
"895";895;"Casado";"M";1,54063731240704;1970,71205303369;65;377989,295335469;1,52911194200077
"896";896;"Solteiro";"M";1,64871825297935;2390,64079814308;50;430571,458188086;1,3555869891674
"897";897;"Separado";"F";1,65945858692587;2195,56277768453;56;723953,638483879;1,4621652165149
"898";898;"Solteiro";"M";1,65188899375633;1002,4141673538;48;536818,304336257;1,68309821498202
"899";899;"Separado";"M";1,68812798494594;2372,06384198497;25;794004,563682165;1,52731554763039
"900";900;"Solteiro";"M";1,65718421982846;2245,54947809679;47;334055,446456089;1,72067781295352
"901";901;"Solteiro";"M";1,72087910537454;1561,76919286063;55;349433,283190904;1,67700691475474
"902";902;"Desquitado";"F";1,71223245946451;1316,55207247348;56;7231,74554314627;1,34613945291622
"903";903;"Desquitado";"F";1,89548852377448;1273,8768007239;51;598998,8363639;1,66249717507902
"904";904;"Separado";"F";1,72131276657289;2279,7908763769;52;139711,445839612;1,28919219016416
"905";905;"Solteiro";"M";1,51453497428189;949,189002300328;60;468563,508049013;1,82409550034133
"906";906;"Casado";"F";1,8376467744245;936,226087919563;34;53646,9282458539;1,47914695416547
"907";907;"Solteiro";"M";1,68595789718329;1818,67736800062;56;41800,7701901523;1,29191431691077
"908";908;"Solteiro";"M";1,86350582332061;1287,22676096721;46;886404,39249338;1,65279591822063
"909";909;"Solteiro";"F";1,5985018826611;2859,76410988146;70;706150,896006493;1,71740689133964
"910";910;"Desquitado";"F";1,63929811044179;2612,45074303534;32;236823,739644106;1,53693375507821
"911";911;"Casado";"F";1,39426619217942;1568,39932246989;31;218942,837067802;1,32079584150934
"912";912;"Solteiro";"F";1,64717993493089;558,622117751567;66;675244,500070071;1,76911176208454
"913";913;"Desquitado";"M";1,67353782351963;1054,16637555044;25;510605,07503199;1,63708232838267
"914";914;"Solteiro";"F";1,68316041435831;3733,36713940036;67;397768,902542559;1,49937706585247
"915";915;"Desquitado";"M";1,55742391788444;2172,58800254281;66;613977,549232027;1,34709112836178
"916";916;"Desquitado";"M";1,69363539145163;2414,14143469324;29;812943,119396393;1,36099353897183
"917";917;"Solteiro";"F";1,4473809157379;2446,54643450326;35;541772,526836578;1,62089497143381
"918";918;"Separado";"F";1,50631449485285;2350,89542653169;20;459504,245998955;1,41455901170142
"919";919;"Solteiro";"M";1,72885097070272;2202,12402624275;34;901729,590313977;1,61690494766128
"920";920;"Solteiro";"F";1,71233361359447;2915,65143312847;47;718433,15228926;1,44159265783807
"921";921;"Solteiro";"F";1,75359414909594;2518,99024335745;62;742162,712583512;1,19771731232566
"922";922;"Solteiro";"M";1,78172256590532;1565,98298482839;27;483445,481450593;1,2920815172336
"923";923;"Solteiro";"F";1,52565522813434;2123,96081880437;33;596559,128768295;1,50945378352495
"924";924;"Desquitado";"F";1,74611911523919;2516,29176028854;51;813740,89716802;1,2189914376454
"925";925;"Casado";"F";1,62885527964635;1892,04636156953;35;803731,888806928;1,40957633112089
"926";926;"Casado";"F";1,66168194478701;2508,264967361;52;388275,172852206;1,64370599560664
"927";927;"Desquitado";"M";1,85383961496167;2541,53702554002;54;503171,524670489;1,60386472406752
"928";928;"Casado";"F";1,70686883709886;2410,33188565761;64;687547,151139058;1,13191493849509
"929";929;"Separado";"M";1,59728945475936;2235,94365573836;46;62796,5061141988;1,73151255231602
"930";930;"Casado";"F";1,66371579897511;2004,76565257275;41;461173,088158375;1,50482770150939
"931";931;"Casado";"F";1,78569869643764;3470,29962640496;34;678049,524901504;1,06136545940678
"932";932;"Casado";"F";1,80384941770839;1927,65169258243;26;962281,818438197;1,24899988480074
"933";933;"Casado";"F";1,51374800659092;1926,61727136409;59;154271,575408937;1,66775874106103
"934";934;"Solteiro";"F";1,62542409077043;3038,31390639065;44;283740,283112986;1,70958854639625
"935";935;"Separado";"M";1,58353281943388;2214,48721223752;40;642987,965721774;1,68755137370794
"936";936;"Separado";"F";1,76054614693358;1573,50392712463;42;437885,779916979;1,74256516319765
"937";937;"Solteiro";"M";1,52259639458179;1411,60238112146;62;133236,819180204;1,42455188545705
"938";938;"Solteiro";"M";1,45567835676731;1091,69053184257;36;219586,892339726;1,45297241116713
"939";939;"Casado";"M";1,76776961607991;2160,94044849265;34;514400,867643431;1,57088052203287
"940";940;"Casado";"M";1,7196311708009;1513,71509683416;29;298574,312191487;1,29164560889673
"941";941;"Solteiro";"M";1,59367394383024;1628,48507837288;66;816163,849724896;1,4671916363502
"942";942;"Separado";"M";1,64861537876042;1178,84919715105;34;254320,691241214;1,36755006616758
"943";943;"Separado";"F";1,62087682222641;2196,1023176087;68;880999,721825616;1,89723949550484
"944";944;"Desquitado";"M";1,56302573913464;798,566330749625;58;912066,769284521;1,55136963840356
"945";945;"Desquitado";"M";1,58147960280858;2173,21225401891;23;164999,471025769;1,49666286297832
"946";946;"Separado";"M";1,76296435302845;2316,41549949663;41;873957,057634767;1,31530765193703
"947";947;"Separado";"F";1,60921579317274;2075,72415337899;34;692393,634737566;1,62834548702459
"948";948;"Casado";"F";1,7119709366705;1645,59364534473;48;680646,494674665;1,57862892560197
"949";949;"Desquitado";"M";1,79453513891273;1828,16625304686;64;82170,9823062262;1,4392214576239
"950";950;"Solteiro";"F";1,61504295235691;1910,14449754035;24;650143,43489697;1,75589165815284
"951";951;"Casado";"F";1,5447414575895;1980,6318386154;67;511872,437575783;1,65271587058331
"952";952;"Casado";"M";1,52342782194507;2214,09828959651;40;851357,345010429;1,63231397609464
"953";953;"Casado";"M";1,52827576663099;2349,74550294119;50;556646,577830023;1,52572683665859
"954";954;"Desquitado";"M";1,59998881219361;2548,24659911308;38;55457,340612652;1,3978442573502
"955";955;"Casado";"F";1,5436654911904;2222,78104674083;27;513960,216704782;1,54206866217438
"956";956;"Solteiro";"F";1,66727654333887;2323,82852691803;59;524010,231455862;1,46501280887788
"957";957;"Casado";"F";1,49671236007866;2224,90442647948;46;837991,008751968;1,56640005256619
"958";958;"Casado";"F";1,73161258237389;951,192278182404;21;298594,517119559;1,39598634267698
"959";959;"Desquitado";"F";1,72746910241489;1940,50538892821;60;78135,5261106449;1,64675409958144
"960";960;"Casado";"F";1,72006330519454;2519,26833636111;58;246800,961501594;1,57084205137217
"961";961;"Solteiro";"M";1,74245768390994;2121,72387129564;34;680487,7362504;1,56534804695356
"962";962;"Solteiro";"M";1,70402524195627;1822,60745854462;27;639790,060637955;1,50984727991152
"963";963;"Casado";"F";1,55790188515915;2035,62468888148;27;121007,305308335;1,59175517767409
"964";964;"Solteiro";"F";1,6768986253642;2515,46737237002;62;691573,623228771;1,74082283375613
"965";965;"Casado";"M";1,5139031199629;1820,9678594981;34;421026,703948952;1,36542742035309
"966";966;"Solteiro";"F";1,61435647072366;506,00645583385;44;553096,188184852;1,49837335559636
"967";967;"Desquitado";"M";1,79352062068314;2576,81479450088;55;442420,284082056;1,53780668991801
"968";968;"Desquitado";"M";1,7226122854153;1508,05835225476;34;836846,521670829;1,53722969497526
"969";969;"Casado";"F";1,70251881552673;1765,82758882808;20;15161,4966873236;1,6023435299712
"970";970;"Desquitado";"F";1,70171282015098;2385,92483057034;43;295737,60937946;1,66509187538709
"971";971;"Desquitado";"F";1,51776479807578;1801,19378750222;68;492186,481384636;1,75383920841993
"972";972;"Desquitado";"M";1,73648495689102;1791,14137150327;40;686877,999864159;1,34649010948101
"973";973;"Solteiro";"M";1,57237925600651;1478,21251592958;47;617015,759852069;1,55061669897375
"974";974;"Desquitado";"M";1,71163930727535;2378,6358921376;60;56585,9138797345;1,39068049876852
"975";975;"Desquitado";"F";1,50746828121751;1227,23959556446;27;70046,0460037971;1,7126465262189
"976";976;"Casado";"M";1,58464259509045;772,092390005779;68;747396,528509711;1,45152745124717
"977";977;"Casado";"M";1,60635554015013;1488,13346085102;42;45844,7279640327;1,71192666111159
"978";978;"Separado";"M";1,43751337451666;2096,44097447294;38;164927,772272578;1,26261454437364
"979";979;"Desquitado";"F";1,70363840620441;1961,06322790477;50;141312,555704708;1,48093476734308
"980";980;"Desquitado";"M";1,65427475570704;2194,3011555124;64;134423,539989446;1,46401892227652
"981";981;"Solteiro";"F";1,91523896316803;1774,81448202924;60;111512,582004157;0,826676442645184
"982";982;"Desquitado";"M";1,67982796591533;2776,62177941112;41;497229,046640703;1,22534362091534
"983";983;"Casado";"F";1,81597829057169;1665,20748240171;52;544229,063723497;1,347655557106
"984";984;"Separado";"M";1,70022096096727;2009,2189809287;52;852381,204311784;1,45896711903904
"985";985;"Desquitado";"M";1,69506847246056;1457,86227897845;69;945775,294201553;1,34601269475256
"986";986;"Solteiro";"F";1,57082996825556;1348,92826992352;59;587916,875405294;1,13203775762913
"987";987;"Separado";"M";1,66170699385733;1071,54150066225;37;627688,368364792;1,44678864667553
"988";988;"Solteiro";"M";1,43758952810831;2650,18941241293;41;282750,311777629;1,28268786140831
"989";989;"Solteiro";"M";1,6304680166171;1645,4331975909;27;687540,413116774;1,39751470022818
"990";990;"Solteiro";"F";1,48329268511125;3077,72987278391;59;255561,041379926;1,16019736506835
"991";991;"Desquitado";"F";1,73223027436013;368,845386726286;24;413361,848788177;1,15594111316163
"992";992;"Solteiro";"F";1,67682214977733;2308,70977459195;29;388591,068024275;1,59221925764155
"993";993;"Solteiro";"F";1,68190794510326;2563,00624082513;53;130510,230895776;1,33248915370869
"994";994;"Separado";"F";1,65489582842669;1967,29677349354;29;36574,0985049952;1,45883930213106
"995";995;"Desquitado";"M";1,55253386711631;1501,08473736386;22;732209,461973685;1,49556510437346
"996";996;"Solteiro";"M";1,78975703614542;2188,63083587135;42;260606,918758231;1,49030528972036
"997";997;"Separado";"F";1,69997046873636;1801,35562870218;53;459509,062364334;1,47654485447269
"998";998;"Solteiro";"F";1,62314114032795;2578,10378577451;68;472271,198940023;1,51748769160014
"999";999;"Casado";"F";1,66110715525885;2333,95391126193;54;338956,488341025;1,77089921125721
"1000";1000;"Desquitado";"F";1,76645825376522;1399,12447740026;32;109893,842976053;1,59523977968033
